# Created by Octave 4.2.1, Sat Nov 25 18:31:48 2017 CET <sam@sam-laptop>
# name: data
# type: matrix
# rows: 10
# columns: 3
1	0.2955242247147529	-0.1488743389816312
2	0.2955242247147529	0.1488743389816312
3	0.2692667193099963	-0.4333953941292472
4	0.2692667193099963	0.4333953941292472
5	0.2190863625159820	-0.6794095682990244
6	0.2190863625159820	0.6794095682990244
7	0.1494513491505806	-0.8650633666889845
8	0.1494513491505806	0.8650633666889845
9	0.0666713443086881	-0.9739065285171717
10	0.0666713443086881	0.9739065285171717
