# Created by Octave 4.2.1, Sat Nov 25 18:31:48 2017 CET <sam@sam-laptop>
# name: data
# type: matrix
# rows: 11
# columns: 3
1	0.2729250867779006	0.0000000000000000
2	0.2628045445102467	-0.2695431559523450
3	0.2628045445102467	0.2695431559523450
4	0.2331937645919905	-0.5190961292068118
5	0.2331937645919905	0.5190961292068118
6	0.1862902109277343	-0.7301520055740494
7	0.1862902109277343	0.7301520055740494
8	0.1255803694649046	-0.8870625997680953
9	0.1255803694649046	0.8870625997680953
10	0.0556685671161737	-0.9782286581460570
11	0.0556685671161737	0.9782286581460570
