# Created by Octave 4.2.1, Sat Nov 25 18:31:48 2017 CET <sam@sam-laptop>
# name: data
# type: matrix
# rows: 12
# columns: 3
1	0.2491470458134028	-0.1252334085114689
2	0.2491470458134028	0.1252334085114689
3	0.2334925365383548	-0.3678314989981802
4	0.2334925365383548	0.3678314989981802
5	0.2031674267230659	-0.5873179542866175
6	0.2031674267230659	0.5873179542866175
7	0.1600783285433462	-0.7699026741943047
8	0.1600783285433462	0.7699026741943047
9	0.1069393259953184	-0.9041172563704749
10	0.1069393259953184	0.9041172563704749
11	0.0471753363865118	-0.9815606342467192
12	0.0471753363865118	0.9815606342467192
