# Created by Octave 4.2.1, Sat Nov 25 18:31:48 2017 CET <sam@sam-laptop>
# name: data
# type: matrix
# rows: 13
# columns: 3
1	0.2325515532308739	0.0000000000000000
2	0.2262831802628972	-0.2304583159551348
3	0.2262831802628972	0.2304583159551348
4	0.2078160475368885	-0.4484927510364469
5	0.2078160475368885	0.4484927510364469
6	0.1781459807619457	-0.6423493394403402
7	0.1781459807619457	0.6423493394403402
8	0.1388735102197872	-0.8015780907333099
9	0.1388735102197872	0.8015780907333099
10	0.0921214998377285	-0.9175983992229779
11	0.0921214998377285	0.9175983992229779
12	0.0404840047653159	-0.9841830547185881
13	0.0404840047653159	0.9841830547185881
