# Created by Octave 4.2.1, Sat Nov 25 18:31:48 2017 CET <sam@sam-laptop>
# name: data
# type: matrix
# rows: 14
# columns: 3
1	0.2152638534631578	-0.1080549487073437
2	0.2152638534631578	0.1080549487073437
3	0.2051984637212956	-0.3191123689278897
4	0.2051984637212956	0.3191123689278897
5	0.1855383974779378	-0.5152486363581541
6	0.1855383974779378	0.5152486363581541
7	0.1572031671581935	-0.6872929048116855
8	0.1572031671581935	0.6872929048116855
9	0.1215185706879032	-0.8272013150697650
10	0.1215185706879032	0.8272013150697650
11	0.0801580871597602	-0.9284348836635735
12	0.0801580871597602	0.9284348836635735
13	0.0351194603317519	-0.9862838086968123
14	0.0351194603317519	0.9862838086968123
