# Created by Octave 4.2.1, Sat Nov 25 18:31:48 2017 CET <sam@sam-laptop>
# name: data
# type: matrix
# rows: 15
# columns: 3
1	0.2025782419255613	0.0000000000000000
2	0.1984314853271116	-0.2011940939974345
3	0.1984314853271116	0.2011940939974345
4	0.1861610000155622	-0.3941513470775634
5	0.1861610000155622	0.3941513470775634
6	0.1662692058169939	-0.5709721726085388
7	0.1662692058169939	0.5709721726085388
8	0.1395706779261543	-0.7244177313601701
9	0.1395706779261543	0.7244177313601701
10	0.1071592204671719	-0.8482065834104272
11	0.1071592204671719	0.8482065834104272
12	0.0703660474881081	-0.9372733924007060
13	0.0703660474881081	0.9372733924007060
14	0.0307532419961173	-0.9879925180204854
15	0.0307532419961173	0.9879925180204854
