# Created by Octave 4.2.1, Sat Nov 25 18:31:48 2017 CET <sam@sam-laptop>
# name: data
# type: matrix
# rows: 16
# columns: 3
1	0.1894506104550685	-0.0950125098376374
2	0.1894506104550685	0.0950125098376374
3	0.1826034150449236	-0.2816035507792589
4	0.1826034150449236	0.2816035507792589
5	0.1691565193950025	-0.4580167776572274
6	0.1691565193950025	0.4580167776572274
7	0.1495959888165767	-0.6178762444026438
8	0.1495959888165767	0.6178762444026438
9	0.1246289712555339	-0.7554044083550030
10	0.1246289712555339	0.7554044083550030
11	0.0951585116824928	-0.8656312023878318
12	0.0951585116824928	0.8656312023878318
13	0.0622535239386479	-0.9445750230732326
14	0.0622535239386479	0.9445750230732326
15	0.0271524594117541	-0.9894009349916499
16	0.0271524594117541	0.9894009349916499
