# Created by Octave 4.2.1, Sat Nov 25 18:31:48 2017 CET <sam@sam-laptop>
# name: data
# type: matrix
# rows: 17
# columns: 3
1	0.1794464703562065	0.0000000000000000
2	0.1765627053669926	-0.1784841814958479
3	0.1765627053669926	0.1784841814958479
4	0.1680041021564500	-0.3512317634538763
5	0.1680041021564500	0.3512317634538763
6	0.1540457610768103	-0.5126905370864769
7	0.1540457610768103	0.5126905370864769
8	0.1351363684685255	-0.6576711592166907
9	0.1351363684685255	0.6576711592166907
10	0.1118838471934040	-0.7815140038968014
11	0.1118838471934040	0.7815140038968014
12	0.0850361483171792	-0.8802391537269859
13	0.0850361483171792	0.8802391537269859
14	0.0554595293739872	-0.9506755217687678
15	0.0554595293739872	0.9506755217687678
16	0.0241483028685479	-0.9905754753144174
17	0.0241483028685479	0.9905754753144174
