# Created by Octave 4.2.1, Sat Nov 25 18:31:48 2017 CET <sam@sam-laptop>
# name: data
# type: matrix
# rows: 18
# columns: 3
1	0.1691423829631436	-0.0847750130417353
2	0.1691423829631436	0.0847750130417353
3	0.1642764837458327	-0.2518862256915055
4	0.1642764837458327	0.2518862256915055
5	0.1546846751262652	-0.4117511614628426
6	0.1546846751262652	0.4117511614628426
7	0.1406429146706507	-0.5597708310739475
8	0.1406429146706507	0.5597708310739475
9	0.1225552067114785	-0.6916870430603532
10	0.1225552067114785	0.6916870430603532
11	0.1009420441062872	-0.8037049589725231
12	0.1009420441062872	0.8037049589725231
13	0.0764257302548891	-0.8926024664975557
14	0.0764257302548891	0.8926024664975557
15	0.0497145488949698	-0.9558239495713977
16	0.0497145488949698	0.9558239495713977
17	0.0216160135264833	-0.9915651684209309
18	0.0216160135264833	0.9915651684209309
