# Created by Octave 4.2.1, Sat Nov 25 18:31:48 2017 CET <sam@sam-laptop>
# name: data
# type: matrix
# rows: 19
# columns: 3
1	0.1610544498487837	0.0000000000000000
2	0.1589688433939543	-0.1603586456402254
3	0.1589688433939543	0.1603586456402254
4	0.1527660420658597	-0.3165640999636298
5	0.1527660420658597	0.3165640999636298
6	0.1426067021736066	-0.4645707413759609
7	0.1426067021736066	0.4645707413759609
8	0.1287539625393362	-0.6005453046616810
9	0.1287539625393362	0.6005453046616810
10	0.1115666455473340	-0.7209661773352294
11	0.1115666455473340	0.7209661773352294
12	0.0914900216224500	-0.8227146565371428
13	0.0914900216224500	0.8227146565371428
14	0.0690445427376412	-0.9031559036148179
15	0.0690445427376412	0.9031559036148179
16	0.0448142267656996	-0.9602081521348300
17	0.0448142267656996	0.9602081521348300
18	0.0194617882297265	-0.9924068438435844
19	0.0194617882297265	0.9924068438435844
