# Created by Octave 4.2.1, Sat Nov 25 18:31:48 2017 CET <sam@sam-laptop>
# name: data
# type: matrix
# rows: 20
# columns: 3
1	0.1527533871307258	-0.0765265211334973
2	0.1527533871307258	0.0765265211334973
3	0.1491729864726037	-0.2277858511416451
4	0.1491729864726037	0.2277858511416451
5	0.1420961093183820	-0.3737060887154195
6	0.1420961093183820	0.3737060887154195
7	0.1316886384491766	-0.5108670019508271
8	0.1316886384491766	0.5108670019508271
9	0.1181945319615184	-0.6360536807265150
10	0.1181945319615184	0.6360536807265150
11	0.1019301198172404	-0.7463319064601508
12	0.1019301198172404	0.7463319064601508
13	0.0832767415767048	-0.8391169718222188
14	0.0832767415767048	0.8391169718222188
15	0.0626720483341091	-0.9122344282513259
16	0.0626720483341091	0.9122344282513259
17	0.0406014298003869	-0.9639719272779138
18	0.0406014298003869	0.9639719272779138
19	0.0176140071391521	-0.9931285991850949
20	0.0176140071391521	0.9931285991850949
