# Created by Octave 4.2.1, Sat Nov 25 18:31:48 2017 CET <sam@sam-laptop>
# name: data
# type: matrix
# rows: 21
# columns: 3
1	0.1460811336496904	0.0000000000000000
2	0.1445244039899700	-0.1455618541608951
3	0.1445244039899700	0.1455618541608951
4	0.1398873947910731	-0.2880213168024011
5	0.1398873947910731	0.2880213168024011
6	0.1322689386333375	-0.4243421202074388
7	0.1322689386333375	0.4243421202074388
8	0.1218314160537285	-0.5516188358872198
9	0.1218314160537285	0.5516188358872198
10	0.1087972991671484	-0.6671388041974123
11	0.1087972991671484	0.6671388041974123
12	0.0934444234560339	-0.7684399634756779
13	0.0934444234560339	0.7684399634756779
14	0.0761001136283793	-0.8533633645833173
15	0.0761001136283793	0.8533633645833173
16	0.0571344254268572	-0.9200993341504008
17	0.0571344254268572	0.9200993341504008
18	0.0369537897708525	-0.9672268385663063
19	0.0369537897708525	0.9672268385663063
20	0.0160172282577743	-0.9937521706203895
21	0.0160172282577743	0.9937521706203895
