# Created by Octave 4.2.1, Sat Nov 25 18:31:48 2017 CET <sam@sam-laptop>
# name: data
# type: matrix
# rows: 22
# columns: 3
1	0.1392518728556320	-0.0697392733197222
2	0.1392518728556320	0.0697392733197222
3	0.1365414983460152	-0.2078604266882213
4	0.1365414983460152	0.2078604266882213
5	0.1311735047870624	-0.3419358208920842
6	0.1311735047870624	0.3419358208920842
7	0.1232523768105124	-0.4693558379867570
8	0.1232523768105124	0.4693558379867570
9	0.1129322960805392	-0.5876404035069116
10	0.1129322960805392	0.5876404035069116
11	0.1004141444428810	-0.6944872631866827
12	0.1004141444428810	0.6944872631866827
13	0.0859416062170677	-0.7878168059792081
14	0.0859416062170677	0.7878168059792081
15	0.0697964684245205	-0.8658125777203002
16	0.0697964684245205	0.8658125777203002
17	0.0522933351526833	-0.9269567721871740
18	0.0522933351526833	0.9269567721871740
19	0.0337749015848142	-0.9700604978354287
20	0.0337749015848142	0.9700604978354287
21	0.0146279952982722	-0.9942945854823992
22	0.0146279952982722	0.9942945854823992
