# Created by Octave 4.2.1, Sat Nov 25 18:31:48 2017 CET <sam@sam-laptop>
# name: data
# type: matrix
# rows: 23
# columns: 3
1	0.1336545721861062	0.0000000000000000
2	0.1324620394046966	-0.1332568242984661
3	0.1324620394046966	0.1332568242984661
4	0.1289057221880822	-0.2641356809703450
5	0.1289057221880822	0.2641356809703450
6	0.1230490843067295	-0.3903010380302908
7	0.1230490843067295	0.3903010380302908
8	0.1149966402224114	-0.5095014778460075
9	0.1149966402224114	0.5095014778460075
10	0.1048920914645414	-0.6196098757636461
11	0.1048920914645414	0.6196098757636461
12	0.0929157660600352	-0.7186613631319502
13	0.0929157660600352	0.7186613631319502
14	0.0792814117767189	-0.8048884016188399
15	0.0792814117767189	0.8048884016188399
16	0.0642324214085258	-0.8767523582704416
17	0.0642324214085258	0.8767523582704416
18	0.0480376717310847	-0.9329710868260161
19	0.0480376717310847	0.9329710868260161
20	0.0309880058569794	-0.9725424712181152
21	0.0309880058569794	0.9725424712181152
22	0.0134118594871418	-0.9947693349975522
23	0.0134118594871418	0.9947693349975522
