# Created by Octave 4.2.1, Sat Nov 25 18:31:48 2017 CET <sam@sam-laptop>
# name: data
# type: matrix
# rows: 24
# columns: 3
1	0.1279381953467522	-0.0640568928626056
2	0.1279381953467522	0.0640568928626056
3	0.1258374563468283	-0.1911188674736163
4	0.1258374563468283	0.1911188674736163
5	0.1216704729278034	-0.3150426796961634
6	0.1216704729278034	0.3150426796961634
7	0.1155056680537256	-0.4337935076260451
8	0.1155056680537256	0.4337935076260451
9	0.1074442701159656	-0.5454214713888396
10	0.1074442701159656	0.5454214713888396
11	0.0976186521041139	-0.6480936519369755
12	0.0976186521041139	0.6480936519369755
13	0.0861901615319533	-0.7401241915785544
14	0.0861901615319533	0.7401241915785544
15	0.0733464814110803	-0.8200019859739029
16	0.0733464814110803	0.8200019859739029
17	0.0592985849154368	-0.8864155270044011
18	0.0592985849154368	0.8864155270044011
19	0.0442774388174198	-0.9382745520027328
20	0.0442774388174198	0.9382745520027328
21	0.0285313886289337	-0.9747285559713095
22	0.0285313886289337	0.9747285559713095
23	0.0123412297999872	-0.9951872199970213
24	0.0123412297999872	0.9951872199970213
