# Created by Octave 4.2.1, Sat Nov 25 18:31:48 2017 CET <sam@sam-laptop>
# name: data
# type: matrix
# rows: 25
# columns: 3
1	0.1231760537267154	0.0000000000000000
2	0.1222424429903100	-0.1228646926107104
3	0.1222424429903100	0.1228646926107104
4	0.1194557635357848	-0.2438668837209884
5	0.1194557635357848	0.2438668837209884
6	0.1148582591457116	-0.3611723058093879
7	0.1148582591457116	0.3611723058093879
8	0.1085196244742637	-0.4730027314457150
9	0.1085196244742637	0.4730027314457150
10	0.1005359490670506	-0.5776629302412229
11	0.1005359490670506	0.5776629302412229
12	0.0910282619829637	-0.6735663684734684
13	0.0910282619829637	0.6735663684734684
14	0.0801407003350010	-0.7592592630373576
15	0.0801407003350010	0.7592592630373576
16	0.0680383338123569	-0.8334426287608340
17	0.0680383338123569	0.8334426287608340
18	0.0549046959758352	-0.8949919978782753
19	0.0549046959758352	0.8949919978782753
20	0.0409391567013063	-0.9429745712289743
21	0.0409391567013063	0.9429745712289743
22	0.0263549866150321	-0.9766639214595175
23	0.0263549866150321	0.9766639214595175
24	0.0113937985010263	-0.9955569697904981
25	0.0113937985010263	0.9955569697904981
