# Created by Octave 4.2.1, Sat Nov 25 18:31:48 2017 CET <sam@sam-laptop>
# name: data
# type: matrix
# rows: 26
# columns: 3
1	0.1183214152792623	-0.0592300934293132
2	0.1183214152792623	0.0592300934293132
3	0.1166604434852966	-0.1768588203568902
4	0.1166604434852966	0.1768588203568902
5	0.1133618165463197	-0.2920048394859569
6	0.1133618165463197	0.2920048394859569
7	0.1084718405285766	-0.4030517551234863
8	0.1084718405285766	0.4030517551234863
9	0.1020591610944254	-0.5084407148245057
10	0.1020591610944254	0.5084407148245057
11	0.0942138003559141	-0.6066922930176181
12	0.0942138003559141	0.6066922930176181
13	0.0850458943134852	-0.6964272604199573
14	0.0850458943134852	0.6964272604199573
15	0.0746841497656597	-0.7763859488206789
16	0.0746841497656597	0.7763859488206789
17	0.0632740463295748	-0.8454459427884981
18	0.0632740463295748	0.8454459427884981
19	0.0509758252971478	-0.9026378619843071
20	0.0509758252971478	0.9026378619843071
21	0.0379623832943628	-0.9471590666617142
22	0.0379623832943628	0.9471590666617142
23	0.0244178510926319	-0.9783854459564710
24	0.0244178510926319	0.9783854459564710
25	0.0105513726173430	-0.9958857011456169
26	0.0105513726173430	0.9958857011456169
