# Created by Octave 4.2.1, Sat Nov 25 18:31:48 2017 CET <sam@sam-laptop>
# name: data
# type: matrix
# rows: 27
# columns: 3
1	0.1142208673789570	0.0000000000000000
2	0.1134763461089651	-0.1139725856095300
3	0.1134763461089651	0.1139725856095300
4	0.1112524883568452	-0.2264593654395368
5	0.1112524883568452	0.2264593654395368
6	0.1075782857885332	-0.3359939036385089
7	0.1075782857885332	0.3359939036385089
8	0.1025016378177458	-0.4411482517500269
9	0.1025016378177458	0.4411482517500269
10	0.0960887273700285	-0.5405515645794569
11	0.0960887273700285	0.5405515645794569
12	0.0884231585437569	-0.6329079719464952
13	0.0884231585437569	0.6329079719464952
14	0.0796048677730578	-0.7170134737394237
15	0.0796048677730578	0.7170134737394237
16	0.0697488237662456	-0.7917716390705082
17	0.0697488237662456	0.7917716390705082
18	0.0589835368598336	-0.8562079080182945
19	0.0589835368598336	0.8562079080182945
20	0.0474494125206151	-0.9094823206774911
21	0.0474494125206151	0.9094823206774911
22	0.0352970537574197	-0.9509005578147051
23	0.0352970537574197	0.9509005578147051
24	0.0226862315961806	-0.9799234759615012
25	0.0226862315961806	0.9799234759615012
26	0.0097989960512944	-0.9961792628889886
27	0.0097989960512944	0.9961792628889886
