# Created by Octave 4.2.1, Sat Nov 25 18:31:48 2017 CET <sam@sam-laptop>
# name: data
# type: matrix
# rows: 28
# columns: 3
1	0.1100470130164752	-0.0550792898840343
2	0.1100470130164752	0.0550792898840343
3	0.1087111922582941	-0.1645692821333808
4	0.1087111922582941	0.1645692821333808
5	0.1060557659228464	-0.2720616276351781
6	0.1060557659228464	0.2720616276351781
7	0.1021129675780608	-0.3762515160890787
8	0.1021129675780608	0.3762515160890787
9	0.0969306579979299	-0.4758742249551183
10	0.0969306579979299	0.4758742249551183
11	0.0905717443930328	-0.5697204718114017
12	0.0905717443930328	0.5697204718114017
13	0.0831134172289012	-0.6566510940388650
14	0.0831134172289012	0.6566510940388650
15	0.0746462142345688	-0.7356108780136318
16	0.0746462142345688	0.7356108780136318
17	0.0652729239669996	-0.8056413709171791
18	0.0652729239669996	0.8056413709171791
19	0.0551073456757167	-0.8658925225743951
20	0.0551073456757167	0.8658925225743951
21	0.0442729347590042	-0.9156330263921321
22	0.0442729347590042	0.9156330263921321
23	0.0329014277823044	-0.9542592806289382
24	0.0329014277823044	0.9542592806289382
25	0.0211321125927713	-0.9813031653708727
26	0.0211321125927713	0.9813031653708727
27	0.0091242825930945	-0.9964424975739544
28	0.0091242825930945	0.9964424975739544
