# Created by Octave 4.2.1, Sat Nov 25 18:31:48 2017 CET <sam@sam-laptop>
# name: data
# type: matrix
# rows: 29
# columns: 3
1	0.1064793817183142	0.0000000000000000
2	0.1058761550973209	-0.1062782301326792
3	0.1058761550973209	0.1062782301326792
4	0.1040733100777294	-0.2113522861660011
5	0.1040733100777294	0.2113522861660011
6	0.1010912737599150	-0.3140316378676399
7	0.1010912737599150	0.3140316378676399
8	0.0969638340944086	-0.4131528881740086
9	0.0969638340944086	0.4131528881740086
10	0.0917377571392588	-0.5075929551242276
11	0.0917377571392588	0.5075929551242276
12	0.0854722573661725	-0.5962817971382278
13	0.0854722573661725	0.5962817971382278
14	0.0782383271357638	-0.6782145376026865
15	0.0782383271357638	0.6782145376026865
16	0.0701179332550513	-0.7524628517344771
17	0.0701179332550513	0.7524628517344771
18	0.0612030906570791	-0.8181854876152524
19	0.0612030906570791	0.8181854876152524
20	0.0515948269024979	-0.8746378049201028
21	0.0515948269024979	0.8746378049201028
22	0.0414020625186828	-0.9211802329530587
23	0.0414020625186828	0.9211802329530587
24	0.0307404922020936	-0.9572855957780877
25	0.0307404922020936	0.9572855957780877
26	0.0197320850561227	-0.9825455052614132
27	0.0197320850561227	0.9825455052614132
28	0.0085169038787464	-0.9966794422605966
29	0.0085169038787464	0.9966794422605966
