# Created by Octave 4.2.1, Sat Nov 25 18:31:48 2017 CET <sam@sam-laptop>
# name: data
# type: matrix
# rows: 3
# columns: 3
1	0.8888888888888888	0.0000000000000000
2	0.5555555555555556	-0.7745966692414834
3	0.5555555555555556	0.7745966692414834
