# Created by Octave 4.2.1, Sat Nov 25 18:31:48 2017 CET <sam@sam-laptop>
# name: data
# type: matrix
# rows: 30
# columns: 3
1	0.1028526528935588	-0.0514718425553177
2	0.1028526528935588	0.0514718425553177
3	0.1017623897484055	-0.1538699136085835
4	0.1017623897484055	0.1538699136085835
5	0.0995934205867953	-0.2546369261678899
6	0.0995934205867953	0.2546369261678899
7	0.0963687371746443	-0.3527047255308781
8	0.0963687371746443	0.3527047255308781
9	0.0921225222377861	-0.4470337695380892
10	0.0921225222377861	0.4470337695380892
11	0.0868997872010830	-0.5366241481420199
12	0.0868997872010830	0.5366241481420199
13	0.0807558952294202	-0.6205261829892429
14	0.0807558952294202	0.6205261829892429
15	0.0737559747377052	-0.6978504947933158
16	0.0737559747377052	0.6978504947933158
17	0.0659742298821805	-0.7677774321048262
18	0.0659742298821805	0.7677774321048262
19	0.0574931562176191	-0.8295657623827684
20	0.0574931562176191	0.8295657623827684
21	0.0484026728305941	-0.8825605357920527
22	0.0484026728305941	0.8825605357920527
23	0.0387991925696271	-0.9262000474292743
24	0.0387991925696271	0.9262000474292743
25	0.0287847078833234	-0.9600218649683075
26	0.0287847078833234	0.9600218649683075
27	0.0184664683110910	-0.9836681232797472
28	0.0184664683110910	0.9836681232797472
29	0.0079681924961666	-0.9968934840746495
30	0.0079681924961666	0.9968934840746495
