# Created by Octave 4.2.1, Sat Nov 25 18:31:48 2017 CET <sam@sam-laptop>
# name: data
# type: matrix
# rows: 31
# columns: 3
1	0.0997205447934265	0.0000000000000000
2	0.0992250112266723	-0.0995553121523415
3	0.0992250112266723	0.0995553121523415
4	0.0977433353863287	-0.1981211993355706
5	0.0977433353863287	0.1981211993355706
6	0.0952902429123195	-0.2947180699817016
7	0.0952902429123195	0.2947180699817016
8	0.0918901138936415	-0.3883859016082329
9	0.0918901138936415	0.3883859016082329
10	0.0875767406084779	-0.4781937820449025
11	0.0875767406084779	0.4781937820449025
12	0.0823929917615893	-0.5632491614071493
13	0.0823929917615893	0.5632491614071493
14	0.0763903865987766	-0.6427067229242603
15	0.0763903865987766	0.6427067229242603
16	0.0696285832354104	-0.7157767845868532
17	0.0696285832354104	0.7157767845868532
18	0.0621747865610284	-0.7817331484166249
19	0.0621747865610284	0.7817331484166249
20	0.0541030824249169	-0.8399203201462674
21	0.0541030824249169	0.8399203201462674
22	0.0454937075272011	-0.8897600299482711
23	0.0454937075272011	0.8897600299482711
24	0.0364322739123855	-0.9307569978966481
25	0.0364322739123855	0.9307569978966481
26	0.0270090191849794	-0.9625039250929497
27	0.0270090191849794	0.9625039250929497
28	0.0173186207903106	-0.9846859096651525
29	0.0173186207903106	0.9846859096651525
30	0.0074708315792488	-0.9970874818194770
31	0.0074708315792488	0.9970874818194770
