# Created by Octave 4.2.1, Sat Nov 25 18:31:48 2017 CET <sam@sam-laptop>
# name: data
# type: matrix
# rows: 32
# columns: 3
1	0.0965400885147278	-0.0483076656877383
2	0.0965400885147278	0.0483076656877383
3	0.0956387200792749	-0.1444719615827965
4	0.0956387200792749	0.1444719615827965
5	0.0938443990808046	-0.2392873622521371
6	0.0938443990808046	0.2392873622521371
7	0.0911738786957639	-0.3318686022821277
8	0.0911738786957639	0.3318686022821277
9	0.0876520930044038	-0.4213512761306353
10	0.0876520930044038	0.4213512761306353
11	0.0833119242269467	-0.5068999089322294
12	0.0833119242269467	0.5068999089322294
13	0.0781938957870703	-0.5877157572407623
14	0.0781938957870703	0.5877157572407623
15	0.0723457941088485	-0.6630442669302152
16	0.0723457941088485	0.6630442669302152
17	0.0658222227763618	-0.7321821187402897
18	0.0658222227763618	0.7321821187402897
19	0.0586840934785355	-0.7944837959679424
20	0.0586840934785355	0.7944837959679424
21	0.0509980592623762	-0.8493676137325700
22	0.0509980592623762	0.8493676137325700
23	0.0428358980222267	-0.8963211557660521
24	0.0428358980222267	0.8963211557660521
25	0.0342738629130214	-0.9349060759377397
26	0.0342738629130214	0.9349060759377397
27	0.0253920653092621	-0.9647622555875064
28	0.0253920653092621	0.9647622555875064
29	0.0162743947309057	-0.9856115115452684
30	0.0162743947309057	0.9856115115452684
31	0.0070186100094701	-0.9972638618494816
32	0.0070186100094701	0.9972638618494816
