# Created by Octave 4.2.1, Sat Nov 25 18:31:48 2017 CET <sam@sam-laptop>
# name: data
# type: matrix
# rows: 33
# columns: 3
1	0.0937684461602100	0.0000000000000000
2	0.0933564260655961	-0.0936310658547334
3	0.0933564260655961	0.0936310658547334
4	0.0921239866433168	-0.1864392988279916
5	0.0921239866433168	0.1864392988279916
6	0.0900819586606386	-0.2776090971524970
7	0.0900819586606386	0.2776090971524970
8	0.0872482876188443	-0.3663392577480734
9	0.0872482876188443	0.3663392577480734
10	0.0836478760670387	-0.4518500172724507
11	0.0836478760670387	0.4518500172724507
12	0.0793123647948867	-0.5333899047863476
13	0.0793123647948867	0.5333899047863476
14	0.0742798548439541	-0.6102423458363790
15	0.0742798548439541	0.6102423458363790
16	0.0685945728186567	-0.6817319599697428
17	0.0685945728186567	0.6817319599697428
18	0.0623064825303175	-0.7472304964495622
19	0.0623064825303175	0.7472304964495622
20	0.0554708466316636	-0.8061623562741665
21	0.0554708466316636	0.8061623562741665
22	0.0481477428187117	-0.8580096526765041
23	0.0481477428187117	0.8580096526765041
24	0.0404015413316696	-0.9023167677434336
25	0.0404015413316696	0.9023167677434336
26	0.0323003586323290	-0.9386943726111684
27	0.0323003586323290	0.9386943726111684
28	0.0239155481017495	-0.9668229096899927
29	0.0239155481017495	0.9668229096899927
30	0.0153217015129347	-0.9864557262306425
31	0.0153217015129347	0.9864557262306425
32	0.0066062278475874	-0.9974246942464552
33	0.0066062278475874	0.9974246942464552
