# Created by Octave 4.2.1, Sat Nov 25 18:31:48 2017 CET <sam@sam-laptop>
# name: data
# type: matrix
# rows: 34
# columns: 3
1	0.0909567403302599	-0.0455098219531025
2	0.0909567403302599	0.0455098219531025
3	0.0902030443706407	-0.1361523572591830
4	0.0902030443706407	0.1361523572591830
5	0.0887018978356939	-0.2256666916164495
6	0.0887018978356939	0.2256666916164495
7	0.0864657397470358	-0.3133110813394632
8	0.0864657397470358	0.3133110813394632
9	0.0835130996998457	-0.3983592777586459
10	0.0835130996998457	0.3983592777586459
11	0.0798684443397718	-0.4801065451903270
12	0.0798684443397718	0.4801065451903270
13	0.0755619746600319	-0.5578755006697467
14	0.0755619746600319	0.5578755006697467
15	0.0706293758142557	-0.6310217270805285
16	0.0706293758142557	0.6310217270805285
17	0.0651115215540764	-0.6989391132162629
18	0.0651115215540764	0.6989391132162629
19	0.0590541358275245	-0.7610648766298730
20	0.0590541358275245	0.7610648766298730
21	0.0525074145726781	-0.8168842279009336
22	0.0525074145726781	0.8168842279009336
23	0.0455256115233533	-0.8659346383345645
24	0.0455256115233533	0.8659346383345645
25	0.0381665937963875	-0.9078096777183244
26	0.0381665937963875	0.9078096777183244
27	0.0304913806384461	-0.9421623974051071
28	0.0304913806384461	0.9421623974051071
29	0.0225637219854950	-0.9687082625333443
30	0.0225637219854950	0.9687082625333443
31	0.0144501627485950	-0.9872278164063095
32	0.0144501627485950	0.9872278164063095
33	0.0062291405559087	-0.9975717537908420
34	0.0062291405559087	0.9975717537908420
