# Created by Octave 4.2.1, Sat Nov 25 18:31:48 2017 CET <sam@sam-laptop>
# name: data
# type: matrix
# rows: 35
# columns: 3
1	0.0884867949071043	0.0000000000000000
2	0.0881405304302755	-0.0883713432756593
3	0.0881405304302755	0.0883713432756593
4	0.0871044469971835	-0.1760510611659896
5	0.0871044469971835	0.1760510611659896
6	0.0853866533920991	-0.2623529412092960
7	0.0853866533920991	0.2623529412092960
8	0.0830005937288566	-0.3466015544308139
9	0.0830005937288566	0.3466015544308139
10	0.0799649422423243	-0.4281375415178142
11	0.0799649422423243	0.4281375415178142
12	0.0763034571554421	-0.5063227732414887
13	0.0763034571554421	0.5063227732414887
14	0.0720447947725601	-0.5805453447497645
15	0.0720447947725601	0.5805453447497645
16	0.0672222852690869	-0.6502243646658904
17	0.0672222852690869	0.6502243646658904
18	0.0618736719660802	-0.7148145015566287
19	0.0618736719660802	0.7148145015566287
20	0.0560408162123701	-0.7738102522869126
21	0.0560408162123701	0.7738102522869126
22	0.0497693704013535	-0.8267498990922254
23	0.0497693704013535	0.8267498990922254
24	0.0431084223261702	-0.8732191250252224
25	0.0431084223261702	0.8732191250252224
26	0.0361101158634634	-0.9128542613593176
27	0.0361101158634634	0.9128542613593176
28	0.0288292601088943	-0.9453451482078273
29	0.0288292601088943	0.9453451482078273
30	0.0213229799114836	-0.9704376160392298
31	0.0213229799114836	0.9704376160392298
32	0.0136508283483615	-0.9879357644438514
33	0.0136508283483615	0.9879357644438514
34	0.0058834334204431	-0.9977065690996003
35	0.0058834334204431	0.9977065690996003
