# Created by Octave 4.2.1, Sat Nov 25 18:31:48 2017 CET <sam@sam-laptop>
# name: data
# type: matrix
# rows: 36
# columns: 3
1	0.0859832756703948	-0.0430181984737086
2	0.0859832756703948	0.0430181984737086
3	0.0853466857393386	-0.1287361038093848
4	0.0853466857393386	0.1287361038093848
5	0.0840782189796619	-0.2135008923168656
6	0.0840782189796619	0.2135008923168656
7	0.0821872667043397	-0.2966849953440283
8	0.0821872667043397	0.2966849953440283
9	0.0796878289120716	-0.3776725471196892
10	0.0796878289120716	0.3776725471196892
11	0.0765984106458707	-0.4558639444334203
12	0.0765984106458707	0.4558639444334203
13	0.0729418850056531	-0.5306802859262452
14	0.0729418850056531	0.5306802859262452
15	0.0687453238357364	-0.6015676581359806
16	0.0687453238357364	0.6015676581359806
17	0.0640397973550155	-0.6680012365855210
18	0.0640397973550155	0.6680012365855210
19	0.0588601442453248	-0.7294891715935565
20	0.0588601442453248	0.7294891715935565
21	0.0532447139777599	-0.7855762301322066
22	0.0532447139777599	0.7855762301322066
23	0.0472350834902660	-0.8358471669924753
24	0.0472350834902660	0.8358471669924753
25	0.0408757509236449	-0.8799298008903972
26	0.0408757509236449	0.8799298008903972
27	0.0342138107703072	-0.9174977745156591
28	0.0342138107703072	0.9174977745156591
29	0.0272986214985688	-0.9482729843995076
30	0.0272986214985688	0.9482729843995076
31	0.0201815152977355	-0.9720276910496980
32	0.0201815152977355	0.9720276910496980
33	0.0129159472840656	-0.9885864789022122
34	0.0129159472840656	0.9885864789022122
35	0.0055657196642450	-0.9978304624840858
36	0.0055657196642450	0.9978304624840858
