# Created by Octave 4.2.1, Sat Nov 25 18:31:48 2017 CET <sam@sam-laptop>
# name: data
# type: matrix
# rows: 37
# columns: 3
1	0.0837683609931389	0.0000000000000000
2	0.0834745736258628	-0.0836704089547699
3	0.0834745736258628	0.0836704089547699
4	0.0825952722364373	-0.1667539302398520
5	0.0825952722364373	0.1667539302398520
6	0.0811366245084650	-0.2486677927913657
7	0.0811366245084650	0.2486677927913657
8	0.0791088618375294	-0.3288374298837070
9	0.0791088618375294	0.3288374298837070
10	0.0765262075705292	-0.4067005093183261
11	0.0765262075705292	0.4067005093183261
12	0.0734067772484882	-0.4817108778032055
13	0.0734067772484882	0.4817108778032055
14	0.0697724515557003	-0.5533423918615817
15	0.0697724515557003	0.5533423918615817
16	0.0656487228727513	-0.6210926084089244
17	0.0656487228727513	0.6210926084089244
18	0.0610645165232260	-0.6844863091309593
19	0.0610645165232260	0.6844863091309593
20	0.0560519879982749	-0.7430788339819653
21	0.0560519879982749	0.7430788339819653
22	0.0506462976548246	-0.7964592005099023
23	0.0506462976548246	0.7964592005099023
24	0.0448853646624372	-0.8442529873405560
25	0.0448853646624372	0.8442529873405560
26	0.0388096025019345	-0.8861249621554861
27	0.0388096025019345	0.8861249621554861
28	0.0324616398475215	-0.9217814374124638
29	0.0324616398475215	0.9217814374124638
30	0.0258860369905589	-0.9509723432620948
31	0.0258860369905589	0.9509723432620948
32	0.0191290444890840	-0.9734930300564858
33	0.0191290444890840	0.9734930300564858
34	0.0122387801003076	-0.9891859632143192
35	0.0122387801003076	0.9891859632143192
36	0.0052730572794979	-0.9979445824779136
37	0.0052730572794979	0.9979445824779136
