# Created by Octave 4.2.1, Sat Nov 25 18:31:48 2017 CET <sam@sam-laptop>
# name: data
# type: matrix
# rows: 38
# columns: 3
1	0.0815250292803858	-0.0407851479045782
2	0.0815250292803858	0.0407851479045782
3	0.0809824937705971	-0.1220840253378674
4	0.0809824937705971	0.1220840253378674
5	0.0799010332435278	-0.2025704538921167
6	0.0799010332435278	0.2025704538921167
7	0.0782878446582110	-0.2817088097901653
8	0.0782878446582110	0.2817088097901653
9	0.0761536635484464	-0.3589724404794350
10	0.0761536635484464	0.3589724404794350
11	0.0735126925847435	-0.4338471694323765
12	0.0735126925847435	0.4338471694323765
13	0.0703825070668990	-0.5058347179279311
14	0.0703825070668990	0.5058347179279311
15	0.0667839379791404	-0.5744560210478071
16	0.0667839379791404	0.5744560210478071
17	0.0627409333921331	-0.6392544158296817
18	0.0627409333921331	0.6392544158296817
19	0.0582803991469972	-0.6997986803791844
20	0.0582803991469972	0.6997986803791844
21	0.0534320199103323	-0.7556859037539707
22	0.0534320199103323	0.7556859037539707
23	0.0482280618607587	-0.8065441676053168
24	0.0482280618607587	0.8065441676053168
25	0.0427031585046744	-0.8520350219323621
26	0.0427031585046744	0.8520350219323621
27	0.0368940815940247	-0.8918557390046322
28	0.0368940815940247	0.8918557390046322
29	0.0308395005451751	-0.9257413320485844
30	0.0308395005451751	0.9257413320485844
31	0.0245797397382324	-0.9534663309335296
32	0.0245797397382324	0.9534663309335296
33	0.0181565777096132	-0.9748463285901535
34	0.0181565777096132	0.9748463285901535
35	0.0116134447164687	-0.9897394542663855
36	0.0116134447164687	0.9897394542663855
37	0.0050028807496393	-0.9980499305356876
38	0.0050028807496393	0.9980499305356876
