# Created by Octave 4.2.1, Sat Nov 25 18:31:48 2017 CET <sam@sam-laptop>
# name: data
# type: matrix
# rows: 39
# columns: 3
1	0.0795276221394429	0.0000000000000000
2	0.0792762225683685	-0.0794438046087555
3	0.0792762225683685	0.0794438046087555
4	0.0785236132873712	-0.1583853399978378
5	0.0785236132873712	0.1583853399978378
6	0.0772745525446820	-0.2363255124618358
7	0.0772745525446820	0.2363255124618358
8	0.0755369373228361	-0.3127715592481859
9	0.0755369373228361	0.3127715592481859
10	0.0733217534142686	-0.3872401639715615
11	0.0733217534142686	0.3872401639715615
12	0.0706430059706088	-0.4592605123091361
13	0.0706430059706088	0.4592605123091361
14	0.0675176309662313	-0.5283772686604374
15	0.0675176309662313	0.5283772686604374
16	0.0639653881386824	-0.5941534549572780
17	0.0639653881386824	0.5941534549572780
18	0.0600087360885962	-0.6561732134320110
19	0.0600087360885962	0.6561732134320110
20	0.0556726903409163	-0.7140444358945347
21	0.0556726903409163	0.7140444358945347
22	0.0509846652921294	-0.7674012429310635
23	0.0509846652921294	0.7674012429310635
24	0.0459743011089166	-0.8159062974301431
25	0.0459743011089166	0.8159062974301431
26	0.0406732768479338	-0.8592529379999062
27	0.0406732768479338	0.8592529379999062
28	0.0351151114981313	-0.8971671192929929
29	0.0351151114981313	0.8971671192929929
30	0.0293349559839034	-0.9294091484867383
31	0.0293349559839034	0.9294091484867383
32	0.0233693848321782	-0.9557752123246522
33	0.0233693848321782	0.9557752123246522
34	0.0172562290937249	-0.9760987093334711
35	0.0172562290937249	0.9760987093334711
36	0.0110347889391646	-0.9902515368546860
37	0.0110347889391646	0.9902515368546860
38	0.0047529446916351	-0.9981473830664329
39	0.0047529446916351	0.9981473830664329
