# Created by Octave 4.2.1, Sat Nov 25 18:31:48 2017 CET <sam@sam-laptop>
# name: data
# type: matrix
# rows: 40
# columns: 3
1	0.0775059479784248	-0.0387724175060508
2	0.0775059479784248	0.0387724175060508
3	0.0770398181642480	-0.1160840706752552
4	0.0770398181642480	0.1160840706752552
5	0.0761103619006262	-0.1926975807013711
6	0.0761103619006262	0.1926975807013711
7	0.0747231690579683	-0.2681521850072537
8	0.0747231690579683	0.2681521850072537
9	0.0728865823958041	-0.3419940908257585
10	0.0728865823958041	0.3419940908257585
11	0.0706116473912868	-0.4137792043716050
12	0.0706116473912868	0.4137792043716050
13	0.0679120458152339	-0.4830758016861787
14	0.0679120458152339	0.4830758016861787
15	0.0648040134566010	-0.5494671250951282
16	0.0648040134566010	0.5494671250951282
17	0.0613062424929289	-0.6125538896679802
18	0.0613062424929289	0.6125538896679802
19	0.0574397690993916	-0.6719566846141796
20	0.0574397690993916	0.6719566846141796
21	0.0532278469839368	-0.7273182551899271
22	0.0532278469839368	0.7273182551899271
23	0.0486958076350722	-0.7783056514265194
24	0.0486958076350722	0.7783056514265194
25	0.0438709081856733	-0.8246122308333117
26	0.0438709081856733	0.8246122308333117
27	0.0387821679744720	-0.8659595032122595
28	0.0387821679744720	0.8659595032122595
29	0.0334601952825478	-0.9020988069688743
30	0.0334601952825478	0.9020988069688743
31	0.0279370069800234	-0.9328128082786765
32	0.0279370069800234	0.9328128082786765
33	0.0222458491941670	-0.9579168192137917
34	0.0222458491941670	0.9579168192137917
35	0.0164210583819079	-0.9772599499837743
36	0.0164210583819079	0.9772599499837743
37	0.0104982845311528	-0.9907262386994570
38	0.0104982845311528	0.9907262386994570
39	0.0045212770985332	-0.9982377097105593
40	0.0045212770985332	0.9982377097105593
