# Created by Octave 4.2.1, Sat Nov 25 18:31:48 2017 CET <sam@sam-laptop>
# name: data
# type: matrix
# rows: 41
# columns: 3
1	0.0756955356472984	0.0000000000000000
2	0.0754787470927158	-0.0756232589891630
3	0.0754787470927158	0.0756232589891630
4	0.0748296231762215	-0.1508133548639922
5	0.0748296231762215	0.1508133548639922
6	0.0737518820272235	-0.2251396056334228
7	0.0737518820272235	0.2251396056334228
8	0.0722516968610231	-0.2981762773418249
9	0.0722516968610231	0.2981762773418249
10	0.0703376606208175	-0.3695050226404815
11	0.0703376606208175	0.3695050226404815
12	0.0680207367608768	-0.4387172770514071
13	0.0680207367608768	0.4387172770514071
14	0.0653141964535274	-0.5054165991994061
15	0.0653141964535274	0.5054165991994061
16	0.0622335425809663	-0.5692209416102159
17	0.0622335425809663	0.5692209416102159
18	0.0587964209498719	-0.6297648390721963
19	0.0587964209498719	0.6297648390721963
20	0.0550225192425787	-0.6867015020349513
21	0.0550225192425787	0.6867015020349513
22	0.0509334542946175	-0.7397048030699261
23	0.0509334542946175	0.7397048030699261
24	0.0465526483690143	-0.7884711450474093
25	0.0465526483690143	0.7884711450474093
26	0.0419051951959097	-0.8327212004013613
27	0.0419051951959097	0.8327212004013613
28	0.0370177167035080	-0.8722015116924414
29	0.0370177167035080	0.8722015116924414
30	0.0319182117316993	-0.9066859447581012
31	0.0319182117316993	0.9066859447581012
32	0.0266358992071104	-0.9359769874978539
33	0.0266358992071104	0.9359769874978539
34	0.0212010633687796	-0.9599068917303463
35	0.0212010633687796	0.9599068917303463
36	0.0156449384078186	-0.9783386735610834
37	0.0156449384078186	0.9783386735610834
38	0.0099999387739059	-0.9911671096990163
39	0.0099999387739059	0.9911671096990163
40	0.0043061403581649	-0.9983215885747715
41	0.0043061403581649	0.9983215885747715
