# Created by Octave 4.2.1, Sat Nov 25 18:31:48 2017 CET <sam@sam-laptop>
# name: data
# type: matrix
# rows: 42
# columns: 3
1	0.0738642342321729	-0.0369489431653518
2	0.0738642342321729	0.0369489431653518
3	0.0734608134534675	-0.1106450272085199
4	0.0734608134534675	0.1106450272085199
5	0.0726561752438041	-0.1837368065648546
6	0.0726561752438041	0.1837368065648546
7	0.0714547142651710	-0.2558250793428791
8	0.0714547142651710	0.2558250793428791
9	0.0698629924925942	-0.3265161244654115
10	0.0698629924925942	0.3265161244654115
11	0.0678897033765219	-0.3954238520429750
12	0.0678897033765219	0.3954238520429750
13	0.0655456243649090	-0.4621719120704219
14	0.0655456243649090	0.4621719120704219
15	0.0628435580450026	-0.5263957499311923
16	0.0628435580450026	0.5263957499311923
17	0.0597982622275867	-0.5877445974851093
18	0.0597982622275867	0.5877445974851093
19	0.0564263693580184	-0.6458833888692478
20	0.0564263693580184	0.6458833888692478
21	0.0527462956991741	-0.7004945905561712
22	0.0527462956991741	0.7004945905561712
23	0.0487781407928032	-0.7512799356894805
24	0.0487781407928032	0.7512799356894805
25	0.0445435777719659	-0.7979620532554874
26	0.0445435777719659	0.7979620532554874
27	0.0400657351806923	-0.8402859832618169
28	0.0400657351806923	0.8402859832618169
29	0.0353690710975921	-0.8780205698121727
30	0.0353690710975921	0.8780205698121727
31	0.0304792406996035	-0.9109597249041275
32	0.0304792406996035	0.9109597249041275
33	0.0254229595261130	-0.9389235573549882
34	0.0254229595261130	0.9389235573549882
35	0.0202278695690526	-0.9617593653382045
36	0.0202278695690526	0.9617593653382045
37	0.0149224436973575	-0.9793425080637482
38	0.0149224436973575	0.9793425080637482
39	0.0095362203017485	-0.9915772883408609
40	0.0095362203017485	0.9915772883408609
41	0.0041059986046491	-0.9983996189900625
42	0.0041059986046491	0.9983996189900625
