# Created by Octave 4.2.1, Sat Nov 25 18:31:48 2017 CET <sam@sam-laptop>
# name: data
# type: matrix
# rows: 43
# columns: 3
1	0.0722157516937990	0.0000000000000000
2	0.0720275019714220	-0.0721529908745862
3	0.0720275019714220	0.0721529908745862
4	0.0714637342525141	-0.1439298095107133
5	0.0714637342525141	0.1439298095107133
6	0.0705273877650850	-0.2149562448605182
7	0.0705273877650850	0.2149562448605182
8	0.0692233441936567	-0.2848619980329136
9	0.0692233441936567	0.2848619980329136
10	0.0675584022293652	-0.3532826128643038
11	0.0675584022293652	0.3532826128643038
12	0.0655412421263228	-0.4198613760292693
13	0.0655412421263228	0.4198613760292693
14	0.0631823804493961	-0.4842511767857347
15	0.0631823804493961	0.4842511767857347
16	0.0604941152499913	-0.5461163166600848
17	0.0604941152499913	0.5461163166600848
18	0.0574904619569105	-0.6051342596396010
19	0.0574904619569105	0.6051342596396010
20	0.0541870803188818	-0.6609973137514982
21	0.0541870803188818	0.6609973137514982
22	0.0506011927843902	-0.7134142352689571
23	0.0506011927843902	0.7134142352689571
24	0.0467514947543466	-0.7621117471949551
25	0.0467514947543466	0.7621117471949551
26	0.0426580571979821	-0.8068359641369386
27	0.0426580571979821	0.8068359641369386
28	0.0383422221941327	-0.8473537162093151
29	0.0383422221941327	0.8473537162093151
30	0.0338264920868603	-0.8834537652186168
31	0.0338264920868603	0.8834537652186168
32	0.0291344132614985	-0.9149479072061387
33	0.0291344132614985	0.9149479072061387
34	0.0242904566138388	-0.9416719568476378
35	0.0242904566138388	0.9416719568476378
36	0.0193199014236839	-0.9634866130140800
37	0.0193199014236839	0.9634866130140800
38	0.0142487564315765	-0.9802782209802553
39	0.0142487564315765	0.9802782209802553
40	0.0091039966374014	-0.9919595575932442
41	0.0091039966374014	0.9919595575932442
42	0.0039194902538441	-0.9984723322425078
43	0.0039194902538441	0.9984723322425078
