# Created by Octave 4.2.1, Sat Nov 25 18:31:48 2017 CET <sam@sam-laptop>
# name: data
# type: matrix
# rows: 44
# columns: 3
1	0.0705491577893541	-0.0352892369641354
2	0.0705491577893541	0.0352892369641354
3	0.0701976854735582	-0.1056919017086533
4	0.0701976854735582	0.1056919017086533
5	0.0694964918615726	-0.1755680147755168
6	0.0694964918615726	0.1755680147755168
7	0.0684490702693667	-0.2445694569282013
8	0.0684490702693667	0.2445694569282013
9	0.0670606389062937	-0.3123524665027858
10	0.0670606389062937	0.3123524665027858
11	0.0653381148791814	-0.3785793520147072
12	0.0653381148791814	0.3785793520147072
13	0.0632900797332039	-0.4429201745254115
14	0.0632900797332039	0.4429201745254115
15	0.0609267367015620	-0.5050543913882023
16	0.0609267367015620	0.5050543913882023
17	0.0582598598775955	-0.5646724531854708
18	0.0582598598775955	0.5646724531854708
19	0.0553027355637281	-0.6214773459035758
20	0.0553027355637281	0.6214773459035758
21	0.0520700960917045	-0.6751860706661224
22	0.0520700960917045	0.6751860706661224
23	0.0485780464483520	-0.7255310536607170
24	0.0485780464483520	0.7255310536607170
25	0.0448439840819700	-0.7722614792487559
26	0.0448439840819700	0.7722614792487559
27	0.0408865123103462	-0.8151445396451350
28	0.0408865123103462	0.8151445396451350
29	0.0367253478138089	-0.8539665950047104
30	0.0367253478138089	0.8539665950047104
31	0.0323812228120698	-0.8885342382860432
32	0.0323812228120698	0.8885342382860432
33	0.0278757828212810	-0.9186752599841758
34	0.0278757828212810	0.9186752599841758
35	0.0232314819020192	-0.9442395091181941
36	0.0232314819020192	0.9442395091181941
37	0.0184714817368147	-0.9650996504224931
38	0.0184714817368147	0.9650996504224931
39	0.0136195867555800	-0.9811518330779140
40	0.0136195867555800	0.9811518330779140
41	0.0087004813675248	-0.9923163921385159
42	0.0087004813675248	0.9923163921385159
43	0.0037454048031128	-0.9985402006367742
44	0.0037454048031128	0.9985402006367742
