# Created by Octave 4.2.1, Sat Nov 25 18:31:48 2017 CET <sam@sam-laptop>
# name: data
# type: matrix
# rows: 45
# columns: 3
1	0.0690418248292320	0.0000000000000000
2	0.0688773169776613	-0.0689869801631442
3	0.0688773169776613	0.0689869801631442
4	0.0683845773786697	-0.1376452059832530
5	0.0683845773786697	0.1376452059832530
6	0.0675659541636075	-0.2056474897832637
7	0.0675659541636075	0.2056474897832637
8	0.0664253484498425	-0.2726697697523776
9	0.0664253484498425	0.2726697697523776
10	0.0649681957507234	-0.3383926542506022
11	0.0649681957507234	0.3383926542506022
12	0.0632014400738199	-0.4025029438585419
13	0.0632014400738199	0.4025029438585419
14	0.0611335008310665	-0.4646951239196351
15	0.0611335008310665	0.4646951239196351
16	0.0587742327188417	-0.5246728204629161
17	0.0587742327188417	0.5246728204629161
18	0.0561348787597865	-0.5821502125693532
19	0.0561348787597865	0.5821502125693532
20	0.0532280167312690	-0.6368533944532233
21	0.0532280167312690	0.6368533944532233
22	0.0500674992379520	-0.6885216807712006
23	0.0500674992379520	0.6885216807712006
24	0.0466683877183734	-0.7369088489454904
25	0.0466683877183734	0.7369088489454904
26	0.0430468807091650	-0.7817843125939062
27	0.0430468807091650	0.7817843125939062
28	0.0392202367293025	-0.8229342205020863
29	0.0392202367293025	0.8229342205020863
30	0.0352066922016090	-0.8601624759606642
31	0.0352066922016090	0.8601624759606642
32	0.0310253749345155	-0.8932916717532418
33	0.0310253749345155	0.8932916717532418
34	0.0266962139675777	-0.9221639367190004
35	0.0266962139675777	0.9221639367190004
36	0.0222398475505787	-0.9466416909956291
37	0.0222398475505787	0.9466416909956291
38	0.0176775352579376	-0.9666083103968947
39	0.0176775352579376	0.9666083103968947
40	0.0130311049915828	-0.9819687150345405
41	0.0130311049915828	0.9819687150345405
42	0.0083231892962182	-0.9926499984472037
43	0.0083231892962182	0.9926499984472037
44	0.0035826631552836	-0.9986036451819367
45	0.0035826631552836	0.9986036451819367 
