# Created by Octave 4.2.1, Sat Nov 25 18:31:48 2017 CET <sam@sam-laptop>
# name: data
# type: matrix
# rows: 46
# columns: 3
1	0.0675186858490365	-0.0337721900160520
2	0.0675186858490365	0.0337721900160520
3	0.0672106136006782	-0.1011624753055842
4	0.0672106136006782	0.1011624753055842
5	0.0665958747684549	-0.1680911794671035
6	0.0665958747684549	0.1680911794671035
7	0.0656772742677812	-0.2342529222062698
8	0.0656772742677812	0.2342529222062698
9	0.0644590034671391	-0.2993458227018700
10	0.0644590034671391	0.2993458227018700
11	0.0629466210643945	-0.3630728770209957
12	0.0629466210643945	0.3630728770209957
13	0.0611470277246505	-0.4251433132828284
14	0.0611470277246505	0.4251433132828284
15	0.0590684345955463	-0.4852739183881646
16	0.0590684345955463	0.4852739183881646
17	0.0567203258439912	-0.5431903302618026
18	0.0567203258439912	0.5431903302618026
19	0.0541134153858568	-0.5986282897127152
20	0.0541134153858568	0.5986282897127152
21	0.0512595980071430	-0.6513348462019977
22	0.0512595980071430	0.6513348462019977
23	0.0481718951017122	-0.7010695120204057
24	0.0481718951017122	0.7010695120204057
25	0.0448643952773181	-0.7476053596156661
26	0.0448643952773181	0.7476053596156661
27	0.0413521901096787	-0.7907300570752742
28	0.0413521901096787	0.7907300570752742
29	0.0376513053573861	-0.8302468370660661
30	0.0376513053573861	0.8302468370660661
31	0.0337786279991069	-0.8659753948668580
32	0.0337786279991069	0.8659753948668580
33	0.0297518295522028	-0.8977527115339420
34	0.0297518295522028	0.8977527115339420
35	0.0255892863971300	-0.9254337988067539
36	0.0255892863971300	0.9254337988067539
37	0.0213099987541365	-0.9488923634460898
38	0.0213099987541365	0.9488923634460898
39	0.0169335140078362	-0.9680213918539919
40	0.0169335140078362	0.9680213918539919
41	0.0124798837709887	-0.9827336698041669
42	0.0124798837709887	0.9827336698041669
43	0.0079698982297246	-0.9929623489061744
44	0.0079698982297246	0.9929623489061744
45	0.0034303008681070	-0.9986630421338180
46	0.0034303008681070	0.9986630421338180
