# Created by Octave 4.2.1, Sat Nov 25 18:31:48 2017 CET <sam@sam-laptop>
# name: data
# type: matrix
# rows: 47
# columns: 3
1	0.0661351296236555	0.0000000000000000
2	0.0659905335888105	-0.0660869239163557
3	0.0659905335888105	0.0660869239163557
4	0.0655573777665497	-0.1318848665545149
5	0.0655573777665497	0.1318848665545149
6	0.0648375562389457	-0.1971061102791118
7	0.0648375562389457	0.1971061102791118
8	0.0638342166057170	-0.2614654592149745
9	0.0638342166057170	0.2614654592149745
10	0.0625517462209217	-0.3246814863377359
11	0.0625517462209217	0.3246814863377359
12	0.0609957530087396	-0.3864777640846672
13	0.0609957530087396	0.3864777640846672
14	0.0591730409423389	-0.4465840731048557
15	0.0591730409423389	0.4465840731048557
16	0.0570915802932315	-0.5047375838635779
17	0.0570915802932315	0.5047375838635779
18	0.0547604727815302	-0.5606840059346642
19	0.0547604727815302	0.5606840059346642
20	0.0521899117800571	-0.6141786999563736
21	0.0521899117800571	0.6141786999563736
22	0.0493911377473612	-0.6649877473903327
23	0.0493911377473612	0.6649877473903327
24	0.0463763890865059	-0.7128889734090643
25	0.0463763890865059	0.7128889734090643
26	0.0431588486484795	-0.7576729184454386
27	0.0431588486484795	0.7576729184454386
28	0.0397525861225310	-0.7991437541677420
29	0.0397525861225310	0.7991437541677420
30	0.0361724965841749	-0.8371201398999021
31	0.0361724965841749	0.8371201398999021
32	0.0324342355151848	-0.8714360157968963
33	0.0324342355151848	0.8714360157968963
34	0.0285541507006434	-0.9019413294385253
35	0.0285541507006434	0.9019413294385253
36	0.0245492116596588	-0.9285026930123607
37	0.0245492116596588	0.9285026930123607
38	0.0204369381476684	-0.9510039692577085
39	0.0204369381476684	0.9510039692577085
40	0.0162353331464331	-0.9693467873265645
41	0.0162353331464331	0.9693467873265645
42	0.0119628484643123	-0.9834510030716237
43	0.0119628484643123	0.9834510030716237
44	0.0076386162958488	-0.9932552109877686
45	0.0076386162958488	0.9932552109877686
46	0.0032874538425280	-0.9987187285842121
47	0.0032874538425280	0.9987187285842121
