# Created by Octave 4.2.1, Sat Nov 25 18:31:48 2017 CET <sam@sam-laptop>
# name: data
# type: matrix
# rows: 48
# columns: 3
1	0.0647376968126839	-0.0323801709628694
2	0.0647376968126839	0.0323801709628694
3	0.0644661644359501	-0.0970046992094627
4	0.0644661644359501	0.0970046992094627
5	0.0639242385846482	-0.1612223560688917
6	0.0639242385846482	0.1612223560688917
7	0.0631141922862540	-0.2247637903946891
8	0.0631141922862540	0.2247637903946891
9	0.0620394231598927	-0.2873624873554556
10	0.0620394231598927	0.2873624873554556
11	0.0607044391658939	-0.3487558862921608
12	0.0607044391658939	0.3487558862921608
13	0.0591148396983956	-0.4086864819907167
14	0.0591148396983956	0.4086864819907167
15	0.0572772921004032	-0.4669029047509584
16	0.0572772921004032	0.4669029047509584
17	0.0551995036999842	-0.5231609747222330
18	0.0551995036999842	0.5231609747222330
19	0.0528901894851937	-0.5772247260839727
20	0.0528901894851937	0.5772247260839727
21	0.0503590355538545	-0.6288673967765136
22	0.0503590355538545	0.6288673967765136
23	0.0476166584924905	-0.6778723796326639
24	0.0476166584924905	0.6778723796326639
25	0.0446745608566943	-0.7240341309238146
26	0.0446745608566943	0.7240341309238146
27	0.0415450829434647	-0.7671590325157404
28	0.0415450829434647	0.7671590325157404
29	0.0382413510658307	-0.8070662040294426
30	0.0382413510658307	0.8070662040294426
31	0.0347772225647704	-0.8435882616243935
32	0.0347772225647704	0.8435882616243935
33	0.0311672278327981	-0.8765720202742479
34	0.0311672278327981	0.8765720202742479
35	0.0274265097083569	-0.9058791367155696
36	0.0274265097083569	0.9058791367155696
37	0.0235707608393244	-0.9313866907065543
38	0.0235707608393244	0.9313866907065543
39	0.0196161604573555	-0.9529877031604309
40	0.0196161604573555	0.9529877031604309
41	0.0155793157229438	-0.9705915925462473
42	0.0155793157229438	0.9705915925462473
43	0.0114772345792345	-0.9841245837228269
44	0.0114772345792345	0.9841245837228269
45	0.0073275539012763	-0.9935301722663508
46	0.0073275539012763	0.9935301722663508
47	0.0031533460523058	-0.9987710072524261
48	0.0031533460523058	0.9987710072524261
