# Created by Octave 4.2.1, Sat Nov 25 18:31:48 2017 CET <sam@sam-laptop>
# name: data
# type: matrix
# rows: 49
# columns: 3
1	0.0634632814047906	0.0000000000000000
2	0.0633355092964917	-0.0634206849826868
3	0.0633355092964917	0.0634206849826868
4	0.0629527074651957	-0.1265859972696720
5	0.0629527074651957	0.1265859972696720
6	0.0623164173200573	-0.1892415924618136
7	0.0623164173200573	0.1892415924618136
8	0.0614292009791929	-0.2511351786125773
9	0.0614292009791929	0.2511351786125773
10	0.0602946309531520	-0.3120175321197488
11	0.0602946309531520	0.3120175321197488
12	0.0589172757600273	-0.3716435012622849
13	0.0589172757600273	0.3716435012622849
14	0.0573026815301875	-0.4297729933415765
15	0.0573026815301875	0.4297729933415765
16	0.0554573496748036	-0.4861719414524920
17	0.0554573496748036	0.4861719414524920
18	0.0533887107082590	-0.5406132469917261
19	0.0533887107082590	0.5406132469917261
20	0.0511050943301446	-0.5928776941089007
21	0.0511050943301446	0.5928776941089007
22	0.0486156958878282	-0.6427548324192377
23	0.0486156958878282	0.6427548324192377
24	0.0459305393555959	-0.6900438244251321
25	0.0459305393555959	0.6900438244251321
26	0.0430604369812596	-0.7345542542374027
27	0.0430604369812596	0.7345542542374027
28	0.0400169457663730	-0.7761068943454467
29	0.0400169457663730	0.7761068943454467
30	0.0368123209630007	-0.8145344273598555
31	0.0368123209630007	0.8145344273598555
32	0.0334594667916222	-0.8496821198441658
33	0.0334594667916222	0.8496821198441658
34	0.0299718846205838	-0.8814084455730089
35	0.0299718846205838	0.8814084455730089
36	0.0263636189270660	-0.9095856558280733
37	0.0263636189270660	0.9095856558280733
38	0.0226492015874467	-0.9341002947558101
39	0.0226492015874467	0.9341002947558101
40	0.0188435958530895	-0.9548536586741372
41	0.0188435958530895	0.9548536586741372
42	0.0149621449356247	-0.9717622009015554
43	0.0149621449356247	0.9717622009015554
44	0.0110205510315936	-0.9847578959142130
45	0.0110205510315936	0.9847578959142130
46	0.0070350995900865	-0.9937886619441678
47	0.0070350995900865	0.9937886619441678
48	0.0030272789889229	-0.9988201506066354
49	0.0030272789889229	0.9988201506066354
