# Created by Octave 4.2.1, Sat Nov 25 18:31:48 2017 CET <sam@sam-laptop>
# name: data
# type: matrix
# rows: 5
# columns: 3
1	0.5688888888888889	0.0000000000000000
2	0.4786286704993665	-0.5384693101056831
3	0.4786286704993665	0.5384693101056831
4	0.2369268850561891	-0.9061798459386640
5	0.2369268850561891	0.9061798459386640
