# Created by Octave 4.2.1, Sat Nov 25 18:31:48 2017 CET <sam@sam-laptop>
# name: data
# type: matrix
# rows: 50
# columns: 3
1	0.0621766166553473	-0.0310983383271889
2	0.0621766166553473	0.0310983383271889
3	0.0619360674206832	-0.0931747015600861
4	0.0619360674206832	0.0931747015600861
5	0.0614558995903167	-0.1548905899981459
6	0.0614558995903167	0.1548905899981459
7	0.0607379708417702	-0.2160072368760418
8	0.0607379708417702	0.2160072368760418
9	0.0597850587042655	-0.2762881937795320
10	0.0597850587042655	0.2762881937795320
11	0.0586008498132224	-0.3355002454194373
12	0.0586008498132224	0.3355002454194373
13	0.0571899256477284	-0.3934143118975651
14	0.0571899256477284	0.3934143118975651
15	0.0555577448062125	-0.4498063349740388
16	0.0555577448062125	0.4498063349740388
17	0.0537106218889962	-0.5044581449074642
18	0.0537106218889962	0.5044581449074642
19	0.0516557030695811	-0.5571583045146501
20	0.0516557030695811	0.5571583045146501
21	0.0494009384494663	-0.6077029271849502
22	0.0494009384494663	0.6077029271849502
23	0.0469550513039484	-0.6558964656854394
24	0.0469550513039484	0.6558964656854394
25	0.0443275043388033	-0.7015524687068222
26	0.0443275043388033	0.7015524687068222
27	0.0415284630901477	-0.7444943022260685
28	0.0415284630901477	0.7444943022260685
29	0.0385687566125877	-0.7845558329003993
30	0.0385687566125877	0.7845558329003993
31	0.0354598356151462	-0.8215820708593360
32	0.0354598356151462	0.8215820708593360
33	0.0322137282235780	-0.8554297694299461
34	0.0322137282235780	0.8554297694299461
35	0.0288429935805352	-0.8859679795236131
36	0.0288429935805352	0.8859679795236131
37	0.0253606735700124	-0.9130785566557919
38	0.0253606735700124	0.9130785566557919
39	0.0217802431701248	-0.9366566189448780
40	0.0217802431701248	0.9366566189448780
41	0.0181155607134894	-0.9566109552428079
42	0.0181155607134894	0.9566109552428079
43	0.0143808227614856	-0.9728643851066920
44	0.0143808227614856	0.9728643851066920
45	0.0105905483836510	-0.9853540840480058
46	0.0105905483836510	0.9853540840480058
47	0.0067597991957454	-0.9940319694320907
48	0.0067597991957454	0.9940319694320907
49	0.0029086225531551	-0.9988664044200710
50	0.0029086225531551	0.9988664044200710
