# Created by Octave 4.2.1, Sat Nov 25 18:31:48 2017 CET <sam@sam-laptop>
# name: data
# type: matrix
# rows: 51
# columns: 3
1	0.0609989248412059	0.0000000000000000
2	0.0608854648448563	-0.0609611001505787
3	0.0608854648448563	0.0609611001505787
4	0.0605455069347378	-0.1216954210188888
5	0.0605455069347378	0.1216954210188888
6	0.0599803157775033	-0.1819770269570775
7	0.0599803157775033	0.1819770269570775
8	0.0591919939229615	-0.2415816664477987
9	0.0591919939229615	0.2415816664477987
10	0.0581834739825921	-0.3002876063353319
11	0.0581834739825921	0.3002876063353319
12	0.0569585077202587	-0.3578764566884095
13	0.0569585077202587	0.3578764566884095
14	0.0555216520957387	-0.4141339832263039
15	0.0555216520957387	0.4141339832263039
16	0.0538782523130456	-0.4688509042860410
17	0.0538782523130456	0.4688509042860410
18	0.0520344219366971	-0.5218236693661858
19	0.0520344219366971	0.5218236693661858
20	0.0499970201500574	-0.5728552163513039
21	0.0499970201500574	0.5728552163513039
22	0.0477736262406231	-0.6217557046007233
23	0.0477736262406231	0.6217557046007233
24	0.0453725114076501	-0.6683432211753700
25	0.0453725114076501	0.6683432211753700
26	0.0428026079978801	-0.7124444575770367
27	0.0428026079978801	0.7124444575770367
28	0.0400734762854965	-0.7538953544853755
29	0.0400734762854965	0.7538953544853755
30	0.0371952689232603	-0.7925417120993812
31	0.0371952689232603	0.7925417120993812
32	0.0341786932041883	-0.8282397638230649
33	0.0341786932041883	0.8282397638230649
34	0.0310349712901600	-0.8608567111822923
35	0.0310349712901600	0.8608567111822923
36	0.0277757985941625	-0.8902712180295274
37	0.0277757985941625	0.8902712180295274
38	0.0244133005737814	-0.9163738623097802
39	0.0244133005737814	0.9163738623097802
40	0.0209599884017032	-0.9390675440029623
41	0.0209599884017032	0.9390675440029623
42	0.0174287147234011	-0.9582678486139082
43	0.0174287147234011	0.9582678486139082
44	0.0138326340064778	-0.9739033680193239
45	0.0138326340064778	0.9739033680193239
46	0.0101851912978217	-0.9859159917359029
47	0.0101851912978217	0.9859159917359029
48	0.0065003377832526	-0.9942612604367526
49	0.0065003377832526	0.9942612604367526
50	0.0027968071710899	-0.9989099908489035
51	0.0027968071710899	0.9989099908489035
