# Created by Octave 4.2.1, Sat Nov 25 18:31:48 2017 CET <sam@sam-laptop>
# name: data
# type: matrix
# rows: 52
# columns: 3
1	0.0598103657452919	-0.0299141097973388
2	0.0598103657452919	0.0299141097973388
3	0.0595962601712482	-0.0896352446489006
4	0.0595962601712482	0.0896352446489006
5	0.0591688154660430	-0.1490355086069492
6	0.0591688154660430	0.1490355086069492
7	0.0585295617718139	-0.2079022641563661
8	0.0585295617718139	0.2079022641563661
9	0.0576807874525268	-0.2660247836050018
10	0.0576807874525268	0.2660247836050018
11	0.0566255309023686	-0.3231950034348078
12	0.0566255309023686	0.3231950034348078
13	0.0553675696693027	-0.3792082691160937
14	0.0553675696693027	0.3792082691160937
15	0.0539114069327573	-0.4338640677187617
16	0.0539114069327573	0.4338640677187617
17	0.0522622553839070	-0.4869667456980961
18	0.0522622553839070	0.4869667456980961
19	0.0504260185663424	-0.5383262092858274
20	0.0504260185663424	0.5383262092858274
21	0.0484092697440749	-0.5877586049795791
22	0.0484092697440749	0.5877586049795791
23	0.0462192283727848	-0.6350869776952459
24	0.0462192283727848	0.6350869776952459
25	0.0438637342590004	-0.6801419042271677
26	0.0438637342590004	0.6801419042271677
27	0.0413512195005603	-0.7227620997499832
28	0.0413512195005603	0.7227620997499832
29	0.0386906783104240	-0.7627949951937449
30	0.0386906783104240	0.7627949951937449
31	0.0358916348350972	-0.8000972834304684
32	0.0358916348350972	0.8000972834304684
33	0.0329641090897188	-0.8345354323267345
34	0.0329641090897188	0.8345354323267345
35	0.0299185811471439	-0.8659861628460676
36	0.0299185811471439	0.8659861628460676
37	0.0267659537465040	-0.8943368905344953
38	0.0267659537465040	0.8943368905344953
39	0.0235175135539845	-0.9194861289164246
40	0.0235175135539845	0.9194861289164246
41	0.0201848915079808	-0.9413438536413591
42	0.0201848915079808	0.9413438536413591
43	0.0167800233963007	-0.9598318269330866
44	0.0167800233963007	0.9598318269330866
45	0.0133151149823410	-0.9748838842217445
46	0.0133151149823410	0.9748838842217445
47	0.0098026345794628	-0.9864461956515499
48	0.0098026345794628	0.9864461956515499
49	0.0062555239629733	-0.9944775909292161
50	0.0062555239629733	0.9944775909292161
51	0.0026913169500471	-0.9989511111039503
52	0.0026913169500471	0.9989511111039503
