# Created by Octave 4.2.1, Sat Nov 25 18:31:48 2017 CET <sam@sam-laptop>
# name: data
# type: matrix
# rows: 53
# columns: 3
1	0.0587187941511644	0.0000000000000000
2	0.0586175862327203	-0.0586850543002595
3	0.0586175862327203	0.0586850543002595
4	0.0583143113622560	-0.1171678090719551
5	0.0583143113622560	0.1171678090719551
6	0.0578100149917132	-0.1752466621553257
7	0.0578100149917132	0.1752466621553257
8	0.0571064355362672	-0.2327214037242726
9	0.0571064355362672	0.2327214037242726
10	0.0562059983817397	-0.2893939064516262
11	0.0562059983817397	0.2893939064516262
12	0.0551118075239336	-0.3450688084957224
13	0.0551118075239336	0.3450688084957224
14	0.0538276348687310	-0.3995541869539530
15	0.0538276348687310	0.3995541869539530
16	0.0523579072298727	-0.4526622194618458
17	0.0523579072298727	0.4526622194618458
18	0.0507076910692927	-0.5042098316571334
19	0.0507076910692927	0.5042098316571334
20	0.0488826750326991	-0.5540193282770679
21	0.0488826750326991	0.5540193282770679
22	0.0468891503407503	-0.6019190057137693
23	0.0468891503407503	0.6019190057137693
24	0.0447339891036728	-0.6477437439165100
25	0.0447339891036728	0.6477437439165100
26	0.0424246206345200	-0.6913355756013667
27	0.0424246206345200	0.6913355756013667
28	0.0399690058435404	-0.7325442308075103
29	0.0399690058435404	0.7325442308075103
30	0.0373756098034829	-0.7712276549255324
31	0.0373756098034829	0.7712276549255324
32	0.0346533725835342	-0.8072524984168955
33	0.0346533725835342	0.8072524984168955
34	0.0318116784590193	-0.8404945765458014
35	0.0318116784590193	0.8404945765458014
36	0.0288603236178237	-0.8708392975582413
37	0.0288603236178237	0.8708392975582413
38	0.0258094825107575	-0.8981820578754266
39	0.0258094825107575	0.8981820578754266
40	0.0226696730570702	-0.9224286030428122
41	0.0226696730570702	0.9224286030428122
42	0.0194517211076369	-0.9434953534644419
43	0.0194517211076369	0.9434953534644419
44	0.0161667252566875	-0.9613096946231363
45	0.0161667252566875	0.9613096946231363
46	0.0128260261442404	-0.9758102337149845
47	0.0128260261442404	0.9758102337149845
48	0.0094412022849403	-0.9869470350233716
49	0.0094412022849403	0.9869470350233716
50	0.0060242762269487	-0.9946819193080071
51	0.0060242762269487	0.9946819193080071
52	0.0025916837205670	-0.9989899477763282
53	0.0025916837205670	0.9989899477763282
