# Created by Octave 4.2.1, Sat Nov 25 18:31:48 2017 CET <sam@sam-laptop>
# name: data
# type: matrix
# rows: 54
# columns: 3
1	0.0576175367071470	-0.0288167481993418
2	0.0576175367071470	0.0288167481993418
3	0.0574261370541121	-0.0863545182632482
4	0.0574261370541121	0.0863545182632482
5	0.0570439735587946	-0.1436054273162561
6	0.0570439735587946	0.1436054273162561
7	0.0564723157306260	-0.2003792936062136
8	0.0564723157306260	0.2003792936062136
9	0.0557130625605900	-0.2564875200699973
10	0.0557130625605900	0.2564875200699973
11	0.0547687362130580	-0.3117437208344682
12	0.0547687362130580	0.3117437208344682
13	0.0536424736475536	-0.3659643403721912
14	0.0536424736475536	0.3659643403721912
15	0.0523380161982987	-0.4189692632552045
16	0.0523380161982987	0.4189692632552045
17	0.0508596971461881	-0.4705824124813823
18	0.0508596971461881	0.4705824124813823
19	0.0492124273245289	-0.5206323343859330
20	0.0492124273245289	0.5206323343859330
21	0.0474016788064450	-0.5689527681952095
22	0.0474016788064450	0.5689527681952095
23	0.0454334667282767	-0.6153831983311274
24	0.0454334667282767	0.6153831983311274
25	0.0433143293095970	-0.6597693876319831
26	0.0433143293095970	0.6597693876319831
27	0.0410513061366450	-0.7019638897191729
28	0.0410513061366450	0.7019638897191729
29	0.0386519147821025	-0.7418265388091844
30	0.0386519147821025	0.7418265388091844
31	0.0361241258403836	-0.7792249153462540
32	0.0361241258403836	0.7792249153462540
33	0.0334763364643726	-0.8140347859135678
34	0.0334763364643726	0.8140347859135678
35	0.0307173424978707	-0.8461405159707730
36	0.0307173424978707	0.8461405159707730
37	0.0278563093105959	-0.8754354540655689
38	0.0278563093105959	0.8754354540655689
39	0.0249027414672088	-0.9018222862847016
40	0.0249027414672088	0.9018222862847016
41	0.0218664514228531	-0.9252133598666515
42	0.0218664514228531	0.9252133598666515
43	0.0187575276214694	-0.9455309751649958
44	0.0187575276214694	0.9455309751649958
45	0.0155863030359241	-0.9627076457859236
46	0.0155863030359241	0.9627076457859236
47	0.0123633281288476	-0.9766863288579032
48	0.0123633281288476	0.9766863288579032
49	0.0090993694555094	-0.9874206373973435
50	0.0090993694555094	0.9874206373973435
51	0.0058056110152400	-0.9948751170183389
52	0.0058056110152400	0.9948751170183389
53	0.0024974818357616	-0.9990266668673410
54	0.0024974818357616	0.9990266668673410
