# Created by Octave 4.2.1, Sat Nov 25 18:31:48 2017 CET <sam@sam-laptop>
# name: data
# type: matrix
# rows: 55
# columns: 3
1	0.0566029764445604	0.0000000000000000
2	0.0565123182497720	-0.0565727538183368
3	0.0565123182497720	0.0565727538183368
4	0.0562406340710844	-0.1129642880593293
5	0.0562406340710844	0.1129642880593293
6	0.0557887941952841	-0.1689939636468732
7	0.0557887941952841	0.1689939636468732
8	0.0551582460025087	-0.2244823006478455
9	0.0551582460025087	0.2244823006478455
10	0.0543510093299111	-0.2792515532008065
11	0.0543510093299111	0.2792515532008065
12	0.0533696700016055	-0.3331262788900239
13	0.0533696700016055	0.3331262788900239
14	0.0522173715456321	-0.3859339007409794
15	0.0522173715456321	0.3859339007409794
16	0.0508978051244940	-0.4375052600371746
17	0.0508978051244940	0.4375052600371746
18	0.0494151977115517	-0.4876751581874741
19	0.0494151977115517	0.4876751581874741
20	0.0477742985512007	-0.5362828859083433
21	0.0477742985512007	0.5362828859083433
22	0.0459803639462838	-0.5831727380260321
23	0.0459803639462838	0.5831727380260321
24	0.0440391404216066	-0.6281945122499282
25	0.0440391404216066	0.6281945122499282
26	0.0419568463177188	-0.6712039903198264
27	0.0419568463177188	0.6712039903198264
28	0.0397401518743372	-0.7120633999866378
29	0.0397401518743372	0.7120633999866378
30	0.0373961578679655	-0.7506418563480219
31	0.0373961578679655	0.7506418563480219
32	0.0349323728735899	-0.7868157811276224
33	0.0349323728735899	0.7868157811276224
34	0.0323566892261858	-0.8204692985593209
35	0.0323566892261858	0.8204692985593209
36	0.0296773577651610	-0.8514946066171545
37	0.0296773577651610	0.8514946066171545
38	0.0269029614563963	-0.8797923224198955
39	0.0269029614563963	0.8797923224198955
40	0.0240423880097256	-0.9052718007440000
41	0.0240423880097256	0.9052718007440000
42	0.0211048016680165	-0.9278514247207917
43	0.0211048016680165	0.9278514247207917
44	0.0180996145207291	-0.9474588680412107
45	0.0180996145207291	0.9474588680412107
46	0.0150364583335118	-0.9640313285931352
47	0.0150364583335118	0.9640313285931352
48	0.0119251607198486	-0.9775157355039892
49	0.0119251607198486	0.9775157355039892
50	0.0087757461070585	-0.9878689411988892
51	0.0087757461070585	0.9878689411988892
52	0.0055986322665608	-0.9950579778474119
53	0.0055986322665608	0.9950579778474119
54	0.0024083236199798	-0.9990614195648185
55	0.0024083236199798	0.9990614195648185
