# Created by Octave 4.2.1, Sat Nov 25 18:31:48 2017 CET <sam@sam-laptop>
# name: data
# type: matrix
# rows: 56
# columns: 3
1	0.0555797463065144	-0.0277970352872754
2	0.0555797463065144	0.0277970352872754
3	0.0554079525032451	-0.0833051868224354
4	0.0554079525032451	0.0833051868224354
5	0.0550648959017624	-0.1385558468103762
6	0.0550648959017624	0.1385558468103762
7	0.0545516368708894	-0.1933782386352753
8	0.0545516368708894	0.1933782386352753
9	0.0538697618657145	-0.2476029094343372
10	0.0538697618657145	0.2476029094343372
11	0.0530213785240108	-0.3010622538672207
12	0.0530213785240108	0.3010622538672207
13	0.0520091091517414	-0.3535910321749545
14	0.0520091091517414	0.3535910321749545
15	0.0508360826177985	-0.4050268809270913
16	0.0508360826177985	0.4050268809270913
17	0.0495059246830476	-0.4552108148784596
18	0.0495059246830476	0.4552108148784596
19	0.0480227467936003	-0.5039877183843817
20	0.0480227467936003	0.5039877183843817
21	0.0463911333730019	-0.5512068248555346
22	0.0463911333730019	0.5512068248555346
23	0.0446161276526923	-0.5967221827706634
24	0.0446161276526923	0.5967221827706634
25	0.0427032160846671	-0.6403931068070069
26	0.0427032160846671	0.6403931068070069
27	0.0406583113847445	-0.6820846126944704
28	0.0406583113847445	0.6820846126944704
29	0.0384877342592477	-0.7216678344501881
30	0.0384877342592477	0.7216678344501881
31	0.0361981938723152	-0.7590204227051289
32	0.0361981938723152	0.7590204227051289
33	0.0337967671156118	-0.7940269228938664
34	0.0337967671156118	0.7940269228938664
35	0.0312908767473104	-0.8265791321428817
36	0.0312908767473104	0.8265791321428817
37	0.0286882684738227	-0.8565764337627486
38	0.0286882684738227	0.8565764337627486
39	0.0259969870583920	-0.8839261083278276
40	0.0259969870583920	0.8839261083278276
41	0.0232253515625653	-0.9085436204206555
42	0.0232253515625653	0.9085436204206555
43	0.0203819298824026	-0.9303528802474963
44	0.0203819298824026	0.9303528802474963
45	0.0174755129114009	-0.9492864795619627
46	0.0174755129114009	0.9492864795619627
47	0.0145150892780215	-0.9652859019054901
48	0.0145150892780215	0.9652859019054901
49	0.0115098243403834	-0.9783017091402564
50	0.0115098243403834	0.9783017091402564
51	0.0084690631633079	-0.9882937155401615
52	0.0084690631633079	0.9882937155401615
53	0.0054025222460153	-0.9952312260810697
54	0.0054025222460153	0.9952312260810697
55	0.0023238553757732	-0.9990943438014656
56	0.0023238553757732	0.9990943438014656
