# Created by Octave 4.2.1, Sat Nov 25 18:31:48 2017 CET <sam@sam-laptop>
# name: data
# type: matrix
# rows: 57
# columns: 3
1	0.0546343287565840	0.0000000000000000
2	0.0545528036047619	-0.0546071510016468
3	0.0545528036047619	0.0546071510016468
4	0.0543084714524986	-0.1090513328087878
5	0.0543084714524986	0.1090513328087878
6	0.0539020614832986	-0.1631700625912643
7	0.0539020614832986	0.1631700625912643
8	0.0533347865848192	-0.2168018287961240
9	0.0533347865848192	0.2168018287961240
10	0.0526083397291774	-0.2697865731618387
11	0.0526083397291774	0.2697865731618387
12	0.0517248889205178	-0.3219661683953786
13	0.0517248889205178	0.3219661683953786
14	0.0506870707249274	-0.3731848900865944
15	0.0506870707249274	0.3731848900865944
16	0.0494979824020197	-0.4232898814515639
17	0.0494979824020197	0.4232898814515639
18	0.0481611726616877	-0.4721316095179757
19	0.0481611726616877	0.4721316095179757
20	0.0466806310736415	-0.5195643113911876
21	0.0466806310736415	0.5195643113911876
22	0.0450607761613812	-0.5654464292692367
23	0.0450607761613812	0.5654464292692367
24	0.0433064422162152	-0.6096410329087154
25	0.0433064422162152	0.6096410329087154
26	0.0414228648708011	-0.6520162282809769
27	0.0414228648708011	0.6520162282809769
28	0.0394156654754801	-0.6924455511995178
29	0.0394156654754801	0.6924455511995178
30	0.0372908343244173	-0.7308083447445233
31	0.0372908343244173	0.7308083447445233
32	0.0350547127823126	-0.7669901193594502
33	0.0350547127823126	0.7669901193594502
34	0.0327139743663716	-0.8008828945472183
35	0.0327139743663716	0.8008828945472183
36	0.0302756048426940	-0.8323855211504391
37	0.0302756048426940	0.8323855211504391
38	0.0277468814021802	-0.8614039832620469
39	0.0277468814021802	0.8614039832620469
40	0.0251353509909181	-0.8878516788822214
41	0.0251353509909181	0.8878516788822214
42	0.0224488078907764	-0.9116496785213912
43	0.0224488078907764	0.9116496785213912
44	0.0196952706994885	-0.9327269610671017
45	0.0196952706994885	0.9327269610671017
46	0.0168829590234416	-0.9510206264478768
47	0.0168829590234416	0.9510206264478768
48	0.0140202707907536	-0.9664760851718867
49	0.0140202707907536	0.9664760851718867
50	0.0111157637323360	-0.9790472267094688
51	0.0111157637323360	0.9790472267094688
52	0.0081781600678212	-0.9886965776502220
53	0.0081781600678212	0.9886965776502220
54	0.0052165334747188	-0.9953955236784303
55	0.0052165334747188	0.9953955236784303
56	0.0022437538722507	-0.9991255656252629
57	0.0022437538722507	0.9991255656252629
