# Created by Octave 4.2.1, Sat Nov 25 18:31:48 2017 CET <sam@sam-laptop>
# name: data
# type: matrix
# rows: 58
# columns: 3
1	0.0536811198633348	-0.0268470123659424
2	0.0536811198633348	0.0268470123659424
3	0.0535263433040583	-0.0804636302141427
4	0.0535263433040583	0.0804636302141427
5	0.0532172364465790	-0.1338482505954668
6	0.0532172364465790	0.1338482505954668
7	0.0527546905263708	-0.1868469518357613
8	0.0527546905263708	0.1868469518357613
9	0.0521400391836698	-0.2393069249661535
10	0.0521400391836698	0.2393069249661535
11	0.0513750546182857	-0.2910769143111092
12	0.0513750546182857	0.2910769143111092
13	0.0504619424799531	-0.3420076535979953
14	0.0504619424799531	0.3420076535979953
15	0.0494033355089624	-0.3919522963307531
16	0.0494033355089624	0.3919522963307531
17	0.0482022859454177	-0.4407668391868396
18	0.0482022859454177	0.4407668391868396
19	0.0468622567290263	-0.4883105372167185
20	0.0468622567290263	0.4883105372167185
21	0.0453871115148198	-0.5344463096488475
22	0.0453871115148198	0.5344463096488475
23	0.0437811035336403	-0.5790411351302250
24	0.0437811035336403	0.5790411351302250
25	0.0420488633295821	-0.6219664352630792
26	0.0420488633295821	0.6219664352630792
27	0.0401953854098678	-0.6630984453321253
28	0.0401953854098678	0.6630984453321253
29	0.0382260138458584	-0.7023185711539082
30	0.0382260138458584	0.7023185711539082
31	0.0361464268670873	-0.7395137310200423
32	0.0361464268670873	0.7395137310200423
33	0.0339626204934160	-0.7745766817496528
34	0.0339626204934160	0.7745766817496528
35	0.0316808912538093	-0.8074063279130882
36	0.0316808912538093	0.8074063279130882
37	0.0293078180441605	-0.8379080133393734
38	0.0293078180441605	0.8379080133393734
39	0.0268502431819819	-0.8659937940748075
40	0.0268502431819819	0.8659937940748075
41	0.0243152527249640	-0.8915826920220302
42	0.0243152527249640	0.8915826920220302
43	0.0217101561401462	-0.9146009285643525
44	0.0217101561401462	0.9146009285643525
45	0.0190424654618934	-0.9349821375882593
46	0.0190424654618934	0.9349821375882593
47	0.0163198742349710	-0.9526675575188691
48	0.0163198742349710	0.9526675575188691
49	0.0135502371129888	-0.9676062025029241
50	0.0135502371129888	0.9676062025029241
51	0.0107415535328788	-0.9797550146943503
52	0.0107415535328788	0.9797550146943503
53	0.0079019738499987	-0.9890790082484426
54	0.0079019738499987	0.9890790082484426
55	0.0050399816126502	-0.9955514765972909
56	0.0050399816126502	0.9955514765972909
57	0.0021677232496275	-0.9991552004073866
58	0.0021677232496275	0.9991552004073866
