# Created by Octave 4.2.1, Sat Nov 25 18:31:48 2017 CET <sam@sam-laptop>
# name: data
# type: matrix
# rows: 59
# columns: 3
1	0.0527980126219904	0.0000000000000000
2	0.0527244338591279	-0.0527734840883100
3	0.0527244338591279	0.0527734840883100
4	0.0525039026478287	-0.1053998790163442
5	0.0525039026478287	0.1053998790163442
6	0.0521370336483754	-0.1577325055878580
7	0.0521370336483754	0.1577325055878580
8	0.0516248493908915	-0.2096255033920365
9	0.0516248493908915	0.2096255033920365
10	0.0509687774253939	-0.2609342373428117
11	0.0509687774253939	0.2609342373428117
12	0.0501706463429969	-0.3115157008030137
13	0.0501706463429969	0.3115157008030137
14	0.0492326806793620	-0.3612289141697948
15	0.0492326806793620	0.3612289141697948
16	0.0481574947146064	-0.4099353178104190
17	0.0481574947146064	0.4099353178104190
18	0.0469480851869620	-0.4574991582532667
19	0.0469480851869620	0.4574991582532667
20	0.0456078229405098	-0.5037878665577180
21	0.0456078229405098	0.5037878665577180
22	0.0441404435302974	-0.5486724278083964
23	0.0441404435302974	0.5486724278083964
24	0.0425500368110676	-0.5920277407040302
25	0.0425500368110676	0.5920277407040302
26	0.0408410355386867	-0.6337329662388501
27	0.0408410355386867	0.6337329662388501
28	0.0390182030161600	-0.6736718645049372
29	0.0390182030161600	0.6736718645049372
30	0.0370866198188709	-0.7117331186771977
31	0.0370866198188709	0.7117331186771977
32	0.0350516696364001	-0.7478106452786403
33	0.0350516696364001	0.7478106452786403
34	0.0329190242710453	-0.7818038898623609
35	0.0329190242710453	0.7818038898623609
36	0.0306946278361117	-0.8136181072882116
37	0.0306946278361117	0.8136181072882116
38	0.0283846802005348	-0.8431646258168722
39	0.0283846802005348	0.8431646258168722
40	0.0259956197312985	-0.8703610942928822
41	0.0259956197312985	0.8703610942928822
42	0.0235341053937134	-0.8951317117434721
43	0.0235341053937134	0.8951317117434721
44	0.0210069982884372	-0.9174074387881552
45	0.0210069982884372	0.9174074387881552
46	0.0184213427536100	-0.9371261903534539
47	0.0184213427536100	0.9371261903534539
48	0.0157843473130815	-0.9542330093769511
49	0.0157843473130815	0.9542330093769511
50	0.0131033663063452	-0.9686802216817816
51	0.0131033663063452	0.9686802216817816
52	0.0103858855009959	-0.9804275739567156
53	0.0103858855009959	0.9804275739567156
54	0.0076395294534876	-0.9894423651337310
55	0.0076395294534876	0.9894423651337310
56	0.0048722391682653	-0.9956996403832460
57	0.0048722391682653	0.9956996403832460
58	0.0020954922845412	-0.9991833539092947
59	0.0020954922845412	0.9991833539092947
