# Created by Octave 4.2.1, Sat Nov 25 18:31:48 2017 CET <sam@sam-laptop>
# name: data
# type: matrix
# rows: 6
# columns: 3
1	0.3607615730481386	0.6612093864662645
2	0.3607615730481386	-0.6612093864662645
3	0.4679139345726910	-0.2386191860831969
4	0.4679139345726910	0.2386191860831969
5	0.1713244923791704	-0.9324695142031521
6	0.1713244923791704	0.9324695142031521
