# Created by Octave 4.2.1, Sat Nov 25 18:31:48 2017 CET <sam@sam-laptop>
# name: data
# type: matrix
# rows: 60
# columns: 3
1	0.0519078776312206	-0.0259597723012478
2	0.0519078776312206	0.0259597723012478
3	0.0517679431749102	-0.0778093339495366
4	0.0517679431749102	0.0778093339495366
5	0.0514884515009809	-0.1294491353969450
6	0.0514884515009809	0.1294491353969450
7	0.0510701560698556	-0.1807399648734254
8	0.0510701560698556	0.1807399648734254
9	0.0505141845325094	-0.2315435513760293
10	0.0505141845325094	0.2315435513760293
11	0.0498220356905502	-0.2817229374232617
12	0.0498220356905502	0.2817229374232617
13	0.0489955754557568	-0.3311428482684482
14	0.0489955754557568	0.3311428482684482
15	0.0480370318199712	-0.3796700565767980
16	0.0480370318199712	0.3796700565767980
17	0.0469489888489122	-0.4271737415830784
18	0.0469489888489122	0.4271737415830784
19	0.0457343797161145	-0.4735258417617071
20	0.0457343797161145	0.4735258417617071
21	0.0443964787957871	-0.5186014000585697
22	0.0443964787957871	0.5186014000585697
23	0.0429388928359356	-0.5622789007539445
24	0.0429388928359356	0.5622789007539445
25	0.0413655512355848	-0.6044405970485104
26	0.0413655512355848	0.6044405970485104
27	0.0396806954523808	-0.6449728284894770
28	0.0396806954523808	0.6449728284894770
29	0.0378888675692434	-0.6837663273813555
30	0.0378888675692434	0.6837663273813555
31	0.0359948980510845	-0.7207165133557304
32	0.0359948980510845	0.7207165133557304
33	0.0340038927249464	-0.7557237753065856
34	0.0340038927249464	0.7557237753065856
35	0.0319212190192963	-0.7886937399322641
36	0.0319212190192963	0.7886937399322641
37	0.0297524915007889	-0.8195375261621458
38	0.0297524915007889	0.8195375261621458
39	0.0275035567499248	-0.8481719847859296
40	0.0275035567499248	0.8481719847859296
41	0.0251804776215212	-0.8745199226468983
42	0.0251804776215212	0.8745199226468983
43	0.0227895169439978	-0.8985103108100460
44	0.0227895169439978	0.8985103108100460
45	0.0203371207294573	-0.9200784761776275
46	0.0203371207294573	0.9200784761776275
47	0.0178299010142077	-0.9391662761164232
48	0.0178299010142077	0.9391662761164232
49	0.0152746185967848	-0.9557222558399961
50	0.0152746185967848	0.9557222558399961
51	0.0126781664768160	-0.9697017887650528
52	0.0126781664768160	0.9697017887650528
53	0.0100475571822880	-0.9810672017525982
54	0.0100475571822880	0.9810672017525982
55	0.0073899311633455	-0.9897878952222218
56	0.0073899311633455	0.9897878952222218
57	0.0047127299269536	-0.9958405251188381
58	0.0047127299269536	0.9958405251188381
59	0.0020268119688738	-0.9992101232274361
60	0.0020268119688738	0.9992101232274361
