# Created by Octave 4.2.1, Sat Nov 25 18:31:48 2017 CET <sam@sam-laptop>
# name: data
# type: matrix
# rows: 61
# columns: 3
1	0.0510811194407862	0.0000000000000000
2	0.0510144870386973	-0.0510589067079743
3	0.0510144870386973	0.0510589067079743
4	0.0508147636688183	-0.1019846065622741
5	0.0508147636688183	0.1019846065622741
6	0.0504824703867974	-0.1526442402308153
7	0.0504824703867974	0.1526442402308153
8	0.0500184741081783	-0.2029056425180585
9	0.0500184741081783	0.2029056425180585
10	0.0494239853467356	-0.2526376871690535
11	0.0494239853467356	0.2526376871690535
12	0.0487005550564115	-0.3017106289630307
13	0.0487005550564115	0.3017106289630307
14	0.0478500705850956	-0.3499964422040668
15	0.0478500705850956	0.3499964422040668
16	0.0468747507508091	-0.3973691547257566
17	0.0468747507508091	0.3973691547257566
18	0.0457771400531460	-0.4437051765385316
19	0.0457771400531460	0.4437051765385316
20	0.0445601020350835	-0.4888836222622521
21	0.0445601020350835	0.4888836222622521
22	0.0432268118124961	-0.5327866265029253
23	0.0432268118124961	0.5327866265029253
24	0.0417807477908885	-0.5752996513508306
25	0.0417807477908885	0.5752996513508306
26	0.0402256825909982	-0.6163117851979217
27	0.0402256825909982	0.6163117851979217
28	0.0385656732070082	-0.6557160320950709
29	0.0385656732070082	0.6557160320950709
30	0.0368050504231548	-0.6934095908944912
31	0.0368050504231548	0.6934095908944912
32	0.0349484075165334	-0.7292941234494651
33	0.0349484075165334	0.7292941234494651
34	0.0330005882759074	-0.7632760111723123
35	0.0330005882759074	0.7632760111723123
36	0.0309666743683974	-0.7952665992823597
37	0.0309666743683974	0.7952665992823597
38	0.0288519720881834	-0.8251824281086599
39	0.0288519720881834	0.8251824281086599
40	0.0266619985241509	-0.8529454508476635
41	0.0266619985241509	0.8529454508476635
42	0.0244024671875442	-0.8784832372148811
43	0.0244024671875442	0.8784832372148811
44	0.0220792731483190	-0.9017291624740011
45	0.0220792731483190	0.9017291624740011
46	0.0196984777461012	-0.9226225813829553
47	0.0196984777461012	0.9226225813829553
48	0.0172662929876137	-0.9411089866813611
49	0.0172662929876137	0.9411089866813611
50	0.0147890658849379	-0.9571401519129841
51	0.0147890658849379	0.9571401519129841
52	0.0122732635078121	-0.9706742588331829
53	0.0122732635078121	0.9706742588331829
54	0.0097254618303561	-0.9816760112840370
55	0.0097254618303561	0.9816760112840370
56	0.0071523549917491	-0.9901167452325170
57	0.0071523549917491	0.9901167452325170
58	0.0045609240060124	-0.9959745998151203
59	0.0045609240060124	0.9959745998151203
60	0.0019614533616703	-0.9992355976313635
61	0.0019614533616703	0.9992355976313635
