# Created by Octave 4.2.1, Sat Nov 25 18:31:48 2017 CET <sam@sam-laptop>
# name: data
# type: matrix
# rows: 62
# columns: 3
1	0.0502480003752563	-0.0251292914218206
2	0.0502480003752563	0.0251292914218206
3	0.0501210695690433	-0.0753243954962343
4	0.0501210695690433	0.0753243954962343
5	0.0498675285949524	-0.1253292236158968
6	0.0498675285949524	0.1253292236158968
7	0.0494880179196993	-0.1750174592490156
8	0.0494880179196993	0.1750174592490156
9	0.0489834962205178	-0.2242635856041655
10	0.0489834962205178	0.2242635856041655
11	0.0483552379634777	-0.2729432026967263
12	0.0483552379634777	0.2729432026967263
13	0.0476048301841012	-0.3209333415941940
14	0.0476048301841012	0.3209333415941940
15	0.0467341684784155	-0.3681127750465645
16	0.0467341684784155	0.3681127750465645
17	0.0457454522145702	-0.4143623237171261
18	0.0457454522145702	0.4143623237171261
19	0.0446411789771244	-0.4595651572401134
20	0.0446411789771244	0.4595651572401134
21	0.0434241382580474	-0.5036070893447560
22	0.0434241382580474	0.5036070893447560
23	0.0420974044103851	-0.5463768663002511
24	0.0420974044103851	0.5463768663002511
25	0.0406643288824174	-0.5877664479530873
26	0.0406643288824174	0.5877664479530873
27	0.0391285317519631	-0.6276712806468852
28	0.0391285317519631	0.6276712806468852
29	0.0374938925822800	-0.6659905613354794
30	0.0374938925822800	0.6659905613354794
31	0.0357645406227681	-0.7026274922222970
32	0.0357645406227681	0.7026274922222970
33	0.0339448443794105	-0.7374895252831567
34	0.0339448443794105	0.7374895252831567
35	0.0320394005816247	-0.7704885960554193
36	0.0320394005816247	0.7704885960554193
37	0.0300530225739899	-0.8015413461039764
38	0.0300530225739899	0.8015413461039764
39	0.0279907281633146	-0.8305693336040049
40	0.0279907281633146	0.8305693336040049
41	0.0258577269540247	-0.8574992315120710
42	0.0258577269540247	0.8574992315120710
43	0.0236594072086828	-0.8822630128318973
44	0.0236594072086828	0.8822630128318973
45	0.0214013222776700	-0.9047981225210935
46	0.0214013222776700	0.9047981225210935
47	0.0190891766585732	-0.9250476356362037
48	0.0190891766585732	0.9250476356362037
49	0.0167288117901773	-0.9429604013923285
50	0.0167288117901773	0.9429604013923285
51	0.0143261918238065	-0.9584911729739271
52	0.0143261918238065	0.9584911729739271
53	0.0118873901170105	-0.9716007233716518
54	0.0118873901170105	0.9716007233716518
55	0.0094185794284204	-0.9822559490972367
56	0.0094185794284204	0.9822559490972367
57	0.0069260419018310	-0.9904299711892903
58	0.0069260419018310	0.9904299711892903
59	0.0044163334569309	-0.9961022963162671
60	0.0044163334569309	0.9961022963162671
61	0.0018992056795137	-0.9992598593087770
62	0.0018992056795137	0.9992598593087770
