# Created by Octave 4.2.1, Sat Nov 25 18:31:48 2017 CET <sam@sam-laptop>
# name: data
# type: matrix
# rows: 63
# columns: 3
1	0.0494723666239310	0.0000000000000000
2	0.0494118330399182	-0.0494521871161596
3	0.0494118330399182	0.0494521871161596
4	0.0492303804237476	-0.0987833564469453
5	0.0492303804237476	0.0987833564469453
6	0.0489284528205120	-0.1478727863578720
7	0.0489284528205120	0.1478727863578720
8	0.0485067890978838	-0.1966003467915067
9	0.0485067890978838	0.1966003467915067
10	0.0479664211379951	-0.2448467932459534
11	0.0479664211379951	0.2448467932459534
12	0.0473086713122689	-0.2924940585862514
13	0.0473086713122689	0.2924940585862514
14	0.0465351492453837	-0.3394255419745844
15	0.0465351492453837	0.3394255419745844
16	0.0456477478762926	-0.3855263942122479
17	0.0456477478762926	0.3855263942122479
18	0.0446486388259414	-0.4306837987951116
19	0.0446486388259414	0.4306837987951116
20	0.0435402670830276	-0.4747872479948044
21	0.0435402670830276	0.4747872479948044
22	0.0423253450208158	-0.5177288132900333
23	0.0423253450208158	0.5177288132900333
24	0.0410068457596664	-0.5594034094862850
25	0.0410068457596664	0.5594034094862850
26	0.0395879958915441	-0.5997090518776252
27	0.0395879958915441	0.5997090518776252
28	0.0380722675843496	-0.6385471058213654
29	0.0380722675843496	0.6385471058213654
30	0.0364633700854573	-0.6758225281149861
31	0.0364633700854573	0.6758225281149861
32	0.0347652406453559	-0.7114440995848458
33	0.0347652406453559	0.7114440995848458
34	0.0329820348837793	-0.7453246483178474
35	0.0329820348837793	0.7453246483178474
36	0.0311181166222198	-0.7773812629903724
37	0.0311181166222198	0.7773812629903724
38	0.0291780472082805	-0.8075354957734567
39	0.0291780472082805	0.8075354957734567
40	0.0271665743590979	-0.8357135543195029
41	0.0271665743590979	0.8357135543195029
42	0.0250886205533450	-0.8618464823641238
43	0.0250886205533450	0.8618464823641238
44	0.0229492710048899	-0.8858703285078534
45	0.0229492710048899	0.8858703285078534
46	0.0207537612580391	-0.9077263027785316
47	0.0207537612580391	0.9077263027785316
48	0.0185074644601613	-0.9273609206218432
49	0.0185074644601613	0.9273609206218432
50	0.0162158784103383	-0.9447261340410098
51	0.0162158784103383	0.9447261340410098
52	0.0138846126161156	-0.9597794497589419
53	0.0138846126161156	0.9597794497589419
54	0.0115193760768800	-0.9724840346975701
55	0.0115193760768800	0.9724840346975701
56	0.0091259686763267	-0.9828088105937273
57	0.0091259686763267	0.9828088105937273
58	0.0067102917659601	-0.9907285468921895
59	0.0067102917659601	0.9907285468921895
60	0.0042785083468638	-0.9962240127779701
61	0.0042785083468638	0.9962240127779701
62	0.0018398745955771	-0.9992829840291237
63	0.0018398745955771	0.9992829840291237
