# Created by Octave 4.2.1, Sat Nov 25 18:31:48 2017 CET <sam@sam-laptop>
# name: data
# type: matrix
# rows: 7
# columns: 3

1	0.4179591836734694	0.0000000000000000
2	0.3818300505051189	0.4058451513773972
3	0.3818300505051189	-0.4058451513773972
4	0.2797053914892766	-0.7415311855993945
5	0.2797053914892766	0.7415311855993945
6	0.1294849661688697	-0.9491079123427585
7	0.1294849661688697	0.9491079123427585
