# Created by Octave 4.2.1, Sat Nov 25 18:31:48 2017 CET <sam@sam-laptop>
# name: data
# type: matrix
# rows: 8
# columns: 3
1	0.3626837833783620	-0.1834346424956498
2	0.3626837833783620	0.1834346424956498
3	0.3137066458778873	-0.5255324099163290
4	0.3137066458778873	0.5255324099163290
5	0.2223810344533745	-0.7966664774136267
6	0.2223810344533745	0.7966664774136267
7	0.1012285362903763	-0.9602898564975363
8	0.1012285362903763	0.9602898564975363
