# Created by Octave 4.2.1, Sat Nov 25 18:31:48 2017 CET <sam@sam-laptop>
# name: data
# type: matrix
# rows: 9
# columns: 3
1	0.3302393550012598	0.0000000000000000
2	0.1806481606948574	-0.8360311073266358
3	0.1806481606948574	0.8360311073266358
4	0.0812743883615744	-0.9681602395076261
5	0.0812743883615744	0.9681602395076261
6	0.3123470770400029	-0.3242534234038089
7	0.3123470770400029	0.3242534234038089
8	0.2606106964029354	-0.6133714327005904
9	0.2606106964029354	0.6133714327005904
