# Created by Octave 4.2.1, Sat Nov 25 18:31:48 2017 CET <sam@sam-laptop>
# name: data
# type: matrix
# rows: 1
# columns: 4
1   1.0 0.3333333333333333  0.3333333333333333
