# Created by Octave 4.2.1, Sat Nov 25 18:31:48 2017 CET <sam@sam-laptop>
# name: data
# type: matrix
# rows: 3
# columns: 4
1	0.333333333333333	1.666666666666667e-01   1.666666666666667e-01
2	0.333333333333333	6.666666666666666e-01   1.666666666666667e-01
3   0.333333333333333   1.666666666666667e-01   6.666666666666666e-01
