# Created by Octave 4.2.1, Sat Nov 25 18:31:48 2017 CET <sam@sam-laptop>
# name: data
# type: matrix
# rows: 4
# columns: 4
1	-0.56250   0.3333333333333333     0.3333333333333333
2	0.520833333333333     0.2     0.2
3	0.520833333333333     0.2     0.6
4   0.520833333333333     0.6     0.2
