# Created by Octave 4.2.1, Sat Nov 25 18:31:48 2017 CET <sam@sam-laptop>
# name: data
# type: matrix
# rows: 6
# columns: 4
1	0.109951743655322     0.816847572980459     0.091576213509771
2	0.109951743655322     0.091576213509771     0.816847572980459
3	0.109951743655322     0.091576213509771     0.091576213509771
4   0.223381589678011     0.108103018168070     0.445948490915965
5   0.223381589678011     0.445948490915965     0.108103018168070
6   0.223381589678011     0.445948490915965     0.445948490915965
