# Created by Octave 4.2.1, Sat Nov 25 18:31:48 2017 CET <sam@sam-laptop>
# name: data
# type: matrix
# rows: 7
# columns: 4
1	0.225000000000000     0.333333333333333     0.333333333333333
2	0.125939180544827     0.797426985353087     0.101286507323456
3	0.125939180544827     0.101286507323456     0.797426985353087
4   0.125939180544827     0.101286507323456     0.101286507323456
5   0.132394152788506     0.059715871789770     0.470142064105115
6   0.132394152788506     0.470142064105115     0.059715871789770
7   0.132394152788506     0.470142064105115     0.470142064105115
