# Created by Octave 4.2.1, Sat Nov 25 18:31:48 2017 CET <sam@sam-laptop>
# name: data
# type: matrix
# rows: 1
# columns: 5
1   1 0.25  0.25    0.25
