# Created by Octave 4.2.1, Sat Nov 25 18:31:48 2017 CET <sam@sam-laptop>
# name: data
# type: matrix
# rows: 15
# columns: 5
1	0.030283678097089     0.25        0.25      0.25
2   0.006026785714286       0.0       0.333333333333333     0.333333333333333
3	0.006026785714286     0.333333333333333       0.0       0.333333333333333
4   0.006026785714286       0.333333333333333       0.333333333333333       0.0
5   0.006026785714286       0.333333333333333       0.333333333333333       0.333333333333333
6   0.011645249086029       0.090909090909091       0.090909090909091       0.090909090909091
7   0.011645249086029       0.090909090909091       0.090909090909091       0.727272727272727
8   0.011645249086029       0.727272727272727       0.090909090909091       0.090909090909091
9   0.011645249086029       0.090909090909091       0.727272727272727       0.090909090909091
10  0.010949141561386       0.066550153573664       0.066550153573664		0.433449846426336
11  0.010949141561386       0.066550153573664       0.433449846426336		0.433449846426336
12  0.010949141561386       0.433449846426336       0.066550153573664		0.433449846426336
13  0.010949141561386       0.433449846426336       0.433449846426336       0.066550153573664
14  0.010949141561386       0.433449846426336       0.066550153573664		0.066550153573664
15  0.010949141561386       0.066550153573664		0.433449846426336       0.066550153573664
