# Created by Octave 4.2.1, Sat Nov 25 18:31:48 2017 CET <sam@sam-laptop>
# name: data
# type: matrix
# rows: 4
# columns: 5
1	0.25      0.5854101966249690     0.138196601125011      0.138196601125011
2   0.25    0.138196601125011       0.138196601125011       0.138196601125011
3	0.25      0.138196601125011       0.138196601125011       0.5854101966249690
4   0.25       0.138196601125011         0.5854101966249690     0.138196601125011
