# Created by Octave 4.2.1, Sat Nov 25 18:31:48 2017 CET <sam@sam-laptop>
# name: data
# type: matrix
# rows: 5
# columns: 5
1	-0.8      0.25        0.25        0.25
2   0.45        0.5     0.166666666666667       0.166666666666667
3	0.45      0.166666666666667       0.166666666666667       0.166666666666667
4   0.45        0.166666666666667       0.166666666666667       0.5
5   0.45        0.166666666666667       0.5     0.166666666666667
