$MeshFormat
4.1 0 8
$EndMeshFormat
$PhysicalNames
2
1 1 "Line0"
1 2 "Line1"
$EndPhysicalNames
$Entities
6 6 1 0
1 0 0 0 0 
2 10 0 0 0 
3 10 4 0 0 
4 4 4 0 0 
5 4 10 0 0 
6 0 10 0 0 
1 -1.000000002804313e-07 -1e-07 -1e-07 10.0000001 1e-07 1e-07 0 2 1 -2 
2 9.999999900000001 -9.999999983634211e-08 -1e-07 10.0000001 4.0000001 1e-07 1 2 2 2 -3 
3 3.9999999 3.9999999 -1e-07 10.0000001 4.0000001 1e-07 0 2 3 -4 
4 3.9999999 3.9999999 -1e-07 4.0000001 10.0000001 1e-07 0 2 4 -5 
5 -9.999999983634211e-08 9.999999900000001 -1e-07 4.0000001 10.0000001 1e-07 0 2 5 -6 
6 -1e-07 -1.000000002804313e-07 -1e-07 1e-07 10.0000001 1e-07 1 1 2 6 -1 
1 -1.000000002804313e-07 -1.000000002804313e-07 -1e-07 10.0000001 10.0000001 1e-07 0 6 1 2 3 4 5 6 
$EndEntities
$Nodes
13 297 1 297
0 1 0 1
1
0 0 0
0 2 0 1
2
10 0 0
0 3 0 1
3
10 4 0
0 4 0 1
27
4 4 0
0 5 0 1
28
4 10 0
0 6 0 1
4
0 10 0
1 1 0 15
29
30
31
32
33
34
35
36
37
38
39
40
41
42
43
0.624999999999999 0 0
1.249999999999998 0 0
1.874999999999998 0 0
2.499999999999998 0 0
3.124999999999998 0 0
3.749999999999998 0 0
4.374999999999998 0 0
4.999999999999999 0 0
5.624999999999999 0 0
6.249999999999999 0 0
6.874999999999999 0 0
7.499999999999999 0 0
8.125 0 0
8.75 0 0
9.375 0 0
1 2 0 7
5
6
7
8
9
10
11
10 0.4999999999999999 0
10 1 0
10 1.499999999999999 0
10 1.999999999999998 0
10 2.499999999999996 0
10 2.999999999999994 0
10 3.499999999999997 0
1 3 0 11
44
45
46
47
48
49
50
51
52
53
54
9.5 4 0
9 4 0
8.500000000000002 4 0
8.000000000000002 4 0
7.500000000000002 4 0
7.000000000000002 4 0
6.500000000000003 4 0
6.000000000000004 4 0
5.500000000000004 4 0
5.000000000000004 4 0
4.500000000000002 4 0
1 4 0 11
55
56
57
58
59
60
61
62
63
64
65
4 4.5 0
4 4.999999999999999 0
4 5.499999999999999 0
4 5.999999999999998 0
4 6.499999999999998 0
4 6.999999999999998 0
4 7.499999999999997 0
4 7.999999999999996 0
4 8.499999999999996 0
4 8.999999999999996 0
4 9.499999999999998 0
1 5 0 7
66
67
68
69
70
71
72
3.5 10 0
3 10 0
2.500000000000001 10 0
2.000000000000003 10 0
1.500000000000004 10 0
1.000000000000006 10 0
0.5000000000000027 10 0
1 6 0 15
12
13
14
15
16
17
18
19
20
21
22
23
24
25
26
0 9.375000000000002 0
0 8.750000000000002 0
0 8.125000000000002 0
0 7.500000000000002 0
0 6.875000000000002 0
0 6.250000000000002 0
0 5.625000000000002 0
0 5.000000000000001 0
0 4.375000000000001 0
0 3.750000000000001 0
0 3.125000000000001 0
0 2.500000000000001 0
0 1.875 0
0 1.25 0
0 0.625 0
2 1 0 225
73
74
75
76
77
78
79
80
81
82
83
84
85
86
87
88
89
90
91
92
93
94
95
96
97
98
99
100
101
102
103
104
105
106
107
108
109
110
111
112
113
114
115
116
117
118
119
120
121
122
123
124
125
126
127
128
129
130
131
132
133
134
135
136
137
138
139
140
141
142
143
144
145
146
147
148
149
150
151
152
153
154
155
156
157
158
159
160
161
162
163
164
165
166
167
168
169
170
171
172
173
174
175
176
177
178
179
180
181
182
183
184
185
186
187
188
189
190
191
192
193
194
195
196
197
198
199
200
201
202
203
204
205
206
207
208
209
210
211
212
213
214
215
216
217
218
219
220
221
222
223
224
225
226
227
228
229
230
231
232
233
234
235
236
237
238
239
240
241
242
243
244
245
246
247
248
249
250
251
252
253
254
255
256
257
258
259
260
261
262
263
264
265
266
267
268
269
270
271
272
273
274
275
276
277
278
279
280
281
282
283
284
285
286
287
288
289
290
291
292
293
294
295
296
297
2.062878688910673 2.348671422789516 0
2.030506760528164 4.422033442232577 0
2.079558232849176 6.51275149736902 0
5.57848906010064 2.076694236282723 0
7.64026268224366 2.079105317987605 0
2.451668124192195 8.400438753450429 0
3.946626452046894 2.217363397682417 0
8.827621189260649 1.725037101177224 0
8.430179309687173 2.710399878520394 0
3.027407221236351 5.722043090739997 0
6.772903964144262 3.018899423552891 0
1.041749439965367 2.987169592795696 0
3.129742744630372 1.46930687714034 0
3.018601733848656 3.682843441492746 0
1.248800069095825 1.342171009231149 0
4.224367129924737 1.138112973799812 0
1.028838187519194 5.243157200079061 0
1.147817416173915 7.517103930004407 0
6.511280440552414 1.048861113043023 0
1.363970951965911 8.807886406823787 0
3.103020082930148 7.647932970905324 0
7.679113231598716 2.923978070769695 0
5.795257398464092 3.044554657556885 0
2.807770707052848 9.204448586932095 0
3.019763090854341 4.708936119996117 0
8.024448652624955 1.095490520978096 0
4.849867865772412 3.048552005662532 0
1.023656960062367 4.10127065917783 0
3.052845994236399 6.72296230551826 0
5.322012532101414 1.060873912529193 0
2.091772450870327 9.373673364765077 0
1.060378565898011 6.376648077499691 0
3.123031271136631 8.302885990429552 0
1.131876444335775 1.999918797551197 0
3.950258283834865 2.929201034549583 0
1.914444197142609 1.322355556011928 0
8.880038122804098 0.6565095076868523 0
9.161411805305328 2.398780097416612 0
2.180540254734503 7.523177963539103 0
9.186173001332687 3.190766786082697 0
4.615820855487573 2.12569310940416 0
2.040289255689989 5.475681250714029 0
3.020805410842967 2.648660469135562 0
8.568287817275214 3.240766351122464 0
8.294761593942043 2.159392342062155 0
6.646211542013635 2.048581889615599 0
0.8941204970316861 0.943259242623959 0
2.04248635508454 3.365733209495514 0
1.181985475982958 9.403943203411893 0
1.727871701418119 9.090779885794433 0
2.045886225435165 9.686836682382538 0
1.613935850709061 9.545389942897216 0
9.413810594630323 1.362518550588612 0
9.580705902652664 2.199390048708305 0
8.994516497282987 2.061908599296919 0
9.497258248641494 1.780954299648459 0
7.267864546588685 1.072175817010559 0
6.380640220276207 0.5244305565215113 0
7.762224326312477 0.547745260489048 0
7.071432273294342 0.5360879085052797 0
8.426034920942801 1.41026381107766 0
8.452243387714526 0.8760000143324742 0
9.440019061402049 0.8282547538434262 0
8.933026991172424 1.119259282460543 0
3.677054937277554 1.303709925470076 0
2.814871372315185 0.7346534385701702 0
3.987183564962367 0.569056486899906 0
3.401027468638776 0.6518549627350381 0
5.897628699232047 3.522277328778443 0
6.284080681304177 3.031727040554888 0
6.886451982072131 3.509449711776446 0
6.392040340652089 3.515863520277444 0
3.513703610618175 5.861021545369997 0
3.023585156045346 5.215489605368058 0
3.509881545427171 4.854468059998059 0
3.511792578022673 5.357744802684028 0
1.542117897524954 3.176451401145605 0
1.086812942150571 2.493544195173446 0
1.597377566623224 2.174295110170356 0
2.052682521997607 2.857202316142515 0
1.569747732074089 2.675373255657981 0
2.449771578961587 9.289060975848585 0
2.903885353526424 9.602224293466048 0
2.474885789480795 9.644530487924293 0
1.988661443026641 1.835513489400722 0
1.1903382567158 1.671044903391173 0
1.581622133119217 1.332263282621538 0
1.589499849871221 1.753279196395947 0
0.5739087080869574 7.508551965002205 0
0.5301892829490056 6.313324038749847 0
1.104097991035963 6.946876003752049 0
0.5520489955179814 6.910938001876026 0
3.551510041465074 7.82396648545266 0
3.561515635568315 8.651442995214774 0
3.11302567703339 7.975409480667437 0
3.556512838516695 8.237704740333717 0
2.522093470886491 1.395831216576134 0
3.07527407773667 2.058983673137951 0
2.54184204987682 2.498665945962539 0
2.531967760381655 1.947248581269337 0
5.686873229282366 2.560624446919804 0
6.112350301057138 2.062638062949161 0
6.709557753078949 2.533740656584245 0
6.198215491180657 2.547182551752025 0
2.53384823846317 5.598862170727013 0
2.035398008109077 4.948857346473303 0
2.525134925691253 4.565484781114347 0
2.529491582077212 5.082173475920681 0
0.5208747199826833 2.743584796397848 0
0.5659382221678877 1.624959398775598 0
0.5434064710752854 2.184272097586723 0
8.815019061402049 0.3282547538434262 0
8.288621693857264 0.4380000071662371 0
3.077933038583273 7.185447638211793 0
3.526422997118199 6.861481152759129 0
3.538966519291637 7.342723819105894 0
7.226008597871489 2.971438747161293 0
7.143237112128647 2.063843603801602 0
7.659687956921188 2.50154169437865 0
7.184622855000068 2.517641175481447 0
2.566202113542787 6.61785690144364 0
2.059923744269582 5.994216374041525 0
3.040126607736375 6.222502698129128 0
2.550025176002979 6.108359536085327 0
9.173792403319007 2.794773441749655 0
9.593086500666343 3.095383393041346 0
9.586896201659505 2.647386720874826 0
4.420093992706155 1.631903041601986 0
4.281223653767233 2.171528253543289 0
3.538184598338633 1.843335137411379 0
3.979139295522394 1.737619089506683 0
0.5144190937595972 5.12157860003953 0
1.044608376708603 5.809902638789376 0
0.5223041883543014 5.717451319394689 0
2.036496557806352 3.893883325864045 0
2.530544044466598 3.52428832549413 0
3.019182412351499 4.195889780744432 0
2.527839485078926 4.044886553304238 0
1.032703200013867 3.544220125986763 0
0.5118284800311836 3.925635329588915 0
0.5163516000069336 3.334610062993383 0
1.527081860295266 4.261652050705203 0
1.534563721604592 5.359419225396545 0
1.026247573790781 4.672213929628446 0
1.530822790949929 4.810535638050874 0
1.255894184069913 8.162495168414097 0
1.66417883545421 7.520140946771756 0
2.316104189463349 7.961808358494766 0
1.907819538079053 8.604162580137107 0
1.785999186766631 8.06215176345443 0
7.839556615799359 3.461989035384847 0
7.363004298935746 3.485719373580646 0
1.582222098571303 0.661177778005964 0
2.198546735443244 0.6979156082880671 0
4.773189831013076 1.099493443164503 0
5.450250796101027 1.568784074405958 0
5.097154957794107 2.101193672843442 0
4.935172394403591 1.600343558003972 0
7.832355667434307 1.587297919482851 0
6.578745991283025 1.548721501329311 0
7.205550829358666 1.568009710406081 0
3.509300866924328 3.841421720746373 0
3.50959120617575 4.347944890372217 0
8.054646270642944 2.817188974645044 0
7.967512138092852 2.11924883002488 0
8.362470451814609 2.434896110291274 0
8.011079204367899 2.468218902334962 0
5.916646486326914 1.054867512786108 0
6.014498393692026 1.558752787867635 0
3.520063303868187 6.361251349064563 0
3.019703572345811 3.165751955314154 0
2.536193047171709 3.011477135728335 0
1.569968399373593 6.444699787434356 0
1.552266060489092 5.90205950641545 0
1.071460283063756 1.142715125927554 0
1.072060248515842 0.4716296213119797 0
1.326841190817529 0.9019464519667589 0
0.447060248515843 1.09662962131198 0
0.8186992526158218 1.383837262351576 0
5.161006266050706 0.5304369562645967 0
4.574094915506537 0.5497467215822514 0
9.407509530701025 0.4141273769217131 0
2.13004924379184 7.017964730454062 0
1.617073617413901 6.982420367103055 0
4.924933932886208 3.524276002831266 0
5.322562632118252 3.046553331609708 0
5.411281316059128 3.523276665804854 0
5.770823243163457 0.527433756393054 0
8.561191391601346 1.942214721619689 0
8.196773529517825 1.76475632055127 0
0.5131237868953904 4.523606964814224 0
8.499233563481194 2.975583114821429 0
8.284143908637608 3.620383175561232 0
8.169395089640277 3.218786075103139 0
1.53459987891011 3.719051725925404 0
2.787349697664413 8.351662371939991 0
2.641780168832326 7.585555467222214 0
2.714564933248369 7.968608919581102 0
9.093086500666343 3.595383393041349 0
9.546543250333171 3.547691696520673 0
2.603991141187557 7.101706184332928 0
2.629719415622521 8.802443670191263 0
2.17879555852032 8.946611777992848 0
3.403885353526424 9.102224293466046 0
3.095617525595419 8.726943332703019 0
4.732844360629992 2.587122557533346 0
5.20985879495618 2.573873502226575 0
0.5360301242579211 0.54831481065599 0
3.975129141917432 3.464600517274791 0
4.400063074803638 2.988876520106057 0
4.45003153740182 3.494438260053029 0
3.485531847338916 2.788930751842573 0
3.497416357131622 3.315176236294473 0
8.79579555749625 2.554589987968503 0
8.678493474548798 2.248402354794096 0
3.94844236794088 2.573282216116 0
4.340643364285436 2.580202386824673 0
8.877230409303952 3.21576656860258 0
8.688615204651978 3.60788328430129 0
3.511858222838775 2.316132944626975 0
8.8365129834001 2.885178278285542 0
0.6819854759829553 8.778943203411895 0
0.6279470920349564 8.143747584207052 0
0.590992737991479 9.389471601705949 0
3.451942676763212 9.551112146733024 0
$EndNodes
$Elements
13 338 1 338
0 1 15 1
25 1 
0 2 15 1
26 2 
0 3 15 1
27 3 
0 4 15 1
28 27 
0 5 15 1
29 28 
0 6 15 1
30 4 
1 1 1 16
31 1 29 
32 29 30 
33 30 31 
34 31 32 
35 32 33 
36 33 34 
37 34 35 
38 35 36 
39 36 37 
40 37 38 
41 38 39 
42 39 40 
43 40 41 
44 41 42 
45 42 43 
46 43 2 
1 2 1 8
1 2 5 
2 5 6 
3 6 7 
4 7 8 
5 8 9 
6 9 10 
7 10 11 
8 11 3 
1 3 1 12
47 3 44 
48 44 45 
49 45 46 
50 46 47 
51 47 48 
52 48 49 
53 49 50 
54 50 51 
55 51 52 
56 52 53 
57 53 54 
58 54 27 
1 4 1 12
59 27 55 
60 55 56 
61 56 57 
62 57 58 
63 58 59 
64 59 60 
65 60 61 
66 61 62 
67 62 63 
68 63 64 
69 64 65 
70 65 28 
1 5 1 8
71 28 66 
72 66 67 
73 67 68 
74 68 69 
75 69 70 
76 70 71 
77 71 72 
78 72 4 
1 6 1 16
9 4 12 
10 12 13 
11 13 14 
12 14 15 
13 15 16 
14 16 17 
15 17 18 
16 18 19 
17 19 20 
18 20 21 
19 21 22 
20 22 23 
21 23 24 
22 24 25 
23 25 26 
24 26 1 
2 1 3 260
79 69 70 124 123 
80 70 71 121 124 
81 124 121 92 122 
82 123 124 122 103 
83 80 125 128 127 
84 125 6 7 128 
85 128 7 8 126 
86 127 128 126 110 
87 98 129 132 131 
88 129 91 130 132 
89 132 130 38 39 
90 131 132 39 40 
91 6 125 136 135 
92 125 80 133 136 
93 136 133 98 134 
94 135 136 134 109 
95 88 137 140 139 
96 137 85 138 140 
97 140 138 32 33 
98 139 140 33 34 
99 49 50 144 143 
100 50 51 141 144 
101 144 141 95 142 
102 143 144 142 83 
103 58 145 148 57 
104 145 82 146 148 
105 148 146 97 147 
106 57 148 147 56 
107 120 149 153 152 
108 149 84 150 153 
109 153 150 106 151 
110 152 153 151 73 
111 69 123 156 68 
112 123 103 154 156 
113 156 154 96 155 
114 68 156 155 67 
115 108 157 160 159 
116 157 73 151 160 
117 160 151 106 158 
118 159 160 158 87 
119 90 161 164 163 
120 161 15 16 164 
121 164 16 17 162 
122 163 164 162 104 
123 93 165 168 167 
124 165 62 63 168 
125 168 63 64 166 
126 167 168 166 105 
127 108 169 172 157 
128 169 85 170 172 
129 172 170 115 171 
130 157 172 171 73 
131 83 142 176 175 
132 142 95 173 176 
133 176 173 76 174 
134 175 176 174 118 
135 97 146 180 179 
136 146 82 177 180 
137 180 177 114 178 
138 179 180 178 74 
139 84 181 183 150 
140 181 23 24 183 
141 183 24 25 182 
142 150 183 182 106 
143 109 134 185 184 
144 134 98 131 185 
145 185 131 40 41 
146 184 185 41 42 
147 62 165 188 61 
148 165 93 186 188 
149 188 186 101 187 
150 61 188 187 60 
151 94 189 192 191 
152 189 83 175 192 
153 192 175 118 190 
154 191 192 190 77 
155 101 193 196 195 
156 193 75 194 196 
157 196 194 114 177 
158 195 196 177 82 
159 112 197 199 198 
160 197 110 126 199 
161 199 126 8 9 
162 198 199 9 10 
163 85 137 203 202 
164 137 88 200 203 
165 203 200 113 201 
166 202 203 201 79 
167 19 204 206 18 
168 204 89 205 206 
169 206 205 104 162 
170 18 206 162 17 
171 97 179 210 209 
172 179 74 207 210 
173 210 207 120 208 
174 209 210 208 86 
175 23 181 213 22 
176 181 84 211 213 
177 213 211 100 212 
178 22 213 212 21 
179 100 214 217 216 
180 214 74 178 217 
181 217 178 114 215 
182 216 217 215 89 
183 92 218 222 221 
184 218 90 219 222 
185 222 219 111 220 
186 221 222 220 78 
187 83 189 224 143 
188 189 94 223 224 
189 224 223 47 48 
190 143 224 48 49 
191 85 169 226 138 
192 169 108 225 226 
193 226 225 30 31 
194 138 226 31 32 
195 113 200 230 229 
196 200 88 227 230 
197 230 227 102 228 
198 229 230 228 76 
199 98 231 233 129 
200 231 77 190 233 
201 233 190 118 232 
202 129 233 232 91 
203 86 234 235 209 
204 234 27 55 235 
205 235 55 56 147 
206 209 235 147 97 
207 81 236 239 238 
208 236 94 191 239 
209 239 191 77 237 
210 238 239 237 117 
211 102 240 241 228 
212 240 91 232 241 
213 241 232 118 174 
214 228 241 174 76 
215 82 145 242 195 
216 145 58 59 242 
217 242 59 60 187 
218 195 242 187 101 
219 120 152 244 208 
220 152 73 171 244 
221 244 171 115 243 
222 208 244 243 86 
223 114 194 246 215 
224 194 75 245 246 
225 246 245 104 205 
226 215 246 205 89 
227 108 159 249 225 
228 159 87 247 249 
229 249 247 119 248 
230 225 249 248 30 
231 106 182 251 158 
232 182 25 250 251 
233 251 250 119 247 
234 158 251 247 87 
235 34 35 253 139 
236 35 36 252 253 
237 253 252 102 227 
238 139 253 227 88 
239 42 43 254 184 
240 43 2 5 254 
241 254 5 6 135 
242 184 254 135 109 
243 111 219 256 255 
244 219 90 163 256 
245 256 163 104 245 
246 255 256 245 75 
247 51 52 259 141 
248 52 53 257 259 
249 259 257 99 258 
250 141 259 258 95 
251 91 240 260 130 
252 240 102 252 260 
253 260 252 36 37 
254 130 260 37 38 
255 80 261 262 133 
256 261 117 237 262 
257 262 237 77 231 
258 133 262 231 98 
259 89 204 263 216 
260 204 19 20 263 
261 263 20 21 212 
262 216 263 212 100 
263 81 264 266 236 
264 264 116 265 266 
265 266 265 47 223 
266 236 266 223 94 
267 74 214 267 207 
268 214 100 211 267 
269 267 211 84 149 
270 207 267 149 120 
271 105 268 270 167 
272 268 78 220 270 
273 270 220 111 269 
274 167 270 269 93 
275 10 11 272 198 
276 11 3 44 272 
277 272 44 45 271 
278 198 272 271 112 
279 101 186 273 193 
280 186 93 269 273 
281 273 269 111 255 
282 193 273 255 75 
283 92 221 275 122 
284 221 78 274 275 
285 275 274 96 154 
286 122 275 154 103 
287 64 276 277 166 
288 276 96 274 277 
289 277 274 78 268 
290 166 277 268 105 
291 76 173 279 229 
292 173 95 258 279 
293 279 258 99 278 
294 229 279 278 113 
295 25 26 280 250 
296 26 1 29 280 
297 280 29 30 248 
298 250 280 248 119 
299 53 54 283 257 
300 54 27 281 283 
301 283 281 107 282 
302 257 283 282 99 
303 27 234 285 281 
304 234 86 243 285 
305 285 243 115 284 
306 281 285 284 107 
307 81 238 287 286 
308 238 117 261 287 
309 287 261 80 127 
310 286 287 127 110 
311 107 288 289 282 
312 288 79 201 289 
313 289 201 113 278 
314 282 289 278 99 
315 47 265 291 46 
316 265 116 290 291 
317 291 290 112 271 
318 46 291 271 45 
319 85 202 292 170 
320 202 79 288 292 
321 292 288 107 284 
322 170 292 284 115 
323 110 197 293 286 
324 197 112 290 293 
325 293 290 116 264 
326 286 293 264 81 
327 13 14 295 294 
328 14 15 161 295 
329 295 161 90 218 
330 294 295 218 92 
331 71 72 296 121 
332 72 4 12 296 
333 296 12 13 294 
334 121 296 294 92 
335 28 66 297 65 
336 66 67 155 297 
337 297 155 96 276 
338 65 297 276 64 
$EndElements
